timestamp,thread,endpoint,status_code,latency_ms
1779032352378,Load Users 1-4,GET /work random mode,200,33
1779032352378,Load Users 1-6,GET /work random mode,200,50
1779032352378,Load Users 1-15,GET /work random mode,200,57
1779032352378,Load Users 1-1,GET /work random mode,200,66
1779032352378,Load Users 1-12,GET /work random mode,200,75
1779032352423,Load Users 1-5,GET /work random mode,200,32
1779032352378,Load Users 1-7,GET /work random mode,200,97
1779032352416,Load Users 1-19,POST /batch mixed tasks,200,59
1779032352402,Load Users 1-21,GET /work random mode,200,104
1779032352489,Load Users 1-23,GET /work random mode,200,19
1779032352402,Load Users 1-17,POST /batch mixed tasks,200,110
1779032352401,Load Users 1-16,POST /batch mixed tasks,200,123
1779032352412,Load Users 1-20,POST /batch mixed tasks,200,116
1779032352498,Load Users 1-1,GET /work random mode,200,39
1779032352495,Load Users 1-12,GET /work random mode,200,46
1779032352378,Load Users 1-3,POST /batch mixed tasks,200,170
1779032352378,Load Users 1-8,GET /work random mode,200,186
1779032352501,Load Users 1-24,GET /work random mode,200,67
1779032352469,Load Users 1-15,POST /batch mixed tasks,200,100
1779032352428,Load Users 1-13,POST /batch mixed tasks,200,147
1779032352586,Load Users 1-19,GET /work random mode,200,7
1779032352588,Load Users 1-5,GET /work random mode,200,7
1779032352593,Load Users 1-7,GET /work random mode,200,14
1779032352378,Load Users 1-14,POST /batch mixed tasks,200,239
1779032352584,Load Users 1-21,GET /work random mode,200,34
1779032352377,Load Users 1-9,POST /batch mixed tasks,200,252
1779032352379,Load Users 1-10,POST /batch mixed tasks,200,250
1779032352378,Load Users 1-11,GET /work random mode,200,255
1779032352614,Load Users 1-12,GET /work random mode,200,25
1779032352633,Load Users 1-27,GET /work random mode,200,11
1779032352642,Load Users 1-7,GET /work random mode,200,5
1779032352607,Load Users 1-17,GET /work random mode,200,44
1779032352643,Load Users 1-15,GET /work random mode,200,10
1779032352664,Load Users 1-32,GET /work random mode,200,9
1779032352638,Load Users 1-3,GET /work random mode,200,36
1779032352670,Load Users 1-1,GET /work random mode,200,6
1779032352633,Load Users 1-29,GET /work random mode,200,49
1779032352645,Load Users 1-13,GET /work random mode,200,51
1779032352556,Load Users 1-4,POST /batch mixed tasks,200,144
1779032352695,Load Users 1-15,GET /work random mode,200,9
1779032352599,Load Users 1-28,POST /batch mixed tasks,200,115
1779032352407,Load Users 1-18,POST /batch mixed tasks,200,308
1779032352662,Load Users 1-20,GET /work random mode,200,55
1779032352715,Load Users 1-17,GET /work random mode,200,9
1779032352672,Load Users 1-14,GET /work random mode,200,54
1779032352419,Load Users 1-22,GET /work random mode,200,338
1779032352547,Load Users 1-23,POST /batch mixed tasks,200,215
1779032352493,Load Users 1-6,POST /batch mixed tasks,200,283
1779032352594,Load Users 1-31,POST /batch mixed tasks,200,186
1779032352771,Load Users 1-20,GET /work random mode,200,10
1779032352701,Load Users 1-10,GET /work random mode,200,83
1779032352711,Load Users 1-5,POST /batch mixed tasks,200,80
1779032352746,Load Users 1-28,GET /work random mode,200,52
1779032352793,Load Users 1-7,GET /work random mode,200,12
1779032352698,Load Users 1-27,POST /batch mixed tasks,200,108
1779032352701,Load Users 1-11,POST /batch mixed tasks,200,107
1779032352803,Load Users 1-15,GET /work random mode,200,11
1779032352805,Load Users 1-40,GET /work random mode,200,20
1779032352767,Load Users 1-21,POST /batch mixed tasks,200,86
1779032352713,Load Users 1-19,GET /work random mode,200,148
1779032352762,Load Users 1-29,POST /batch mixed tasks,200,100
1779032352607,Load Users 1-16,GET /work random mode,200,256
1779032352593,Load Users 1-25,GET /work random mode,200,278
1779032352754,Load Users 1-4,POST /batch mixed tasks,200,134
1779032352856,Load Users 1-17,GET /work random mode,200,33
1779032352894,Load Users 1-23,GET /work random mode,200,3
1779032352699,Load Users 1-35,GET /work random mode,200,204
1779032352396,Load Users 1-2,POST /batch mixed tasks,200,510
1779032352795,Load Users 1-37,POST /batch mixed tasks,200,125
1779032352745,Load Users 1-33,POST /batch mixed tasks,200,180
1779032352681,Load Users 1-12,POST /batch mixed tasks,200,246
1779032352618,Load Users 1-30,POST /batch mixed tasks,200,317
1779032352829,Load Users 1-18,POST /batch mixed tasks,200,114
1779032352771,Load Users 1-3,GET /work random mode,200,193
1779032352939,Load Users 1-4,GET /work random mode,200,39
1779032352725,Load Users 1-1,GET /work random mode,200,254
1779032352920,Load Users 1-27,GET /work random mode,200,60
1779032352986,Load Users 1-25,GET /work random mode,200,8
1779032352601,Load Users 1-8,POST /batch mixed tasks,200,406
1779032352961,Load Users 1-48,GET /work random mode,200,53
1779032352513,Load Users 1-26,POST /batch mixed tasks,200,513
1779032352989,Load Users 1-16,GET /work random mode,200,55
1779032352861,Load Users 1-39,POST /batch mixed tasks,200,186
1779032352864,Load Users 1-44,POST /batch mixed tasks,200,184
1779032352879,Load Users 1-45,GET /work random mode,200,169
1779032353011,Load Users 1-51,GET /work random mode,200,52
1779032352864,Load Users 1-43,POST /batch mixed tasks,200,205
1779032352932,Load Users 1-15,POST /batch mixed tasks,200,148
1779032352946,Load Users 1-11,POST /batch mixed tasks,200,142
1779032352917,Load Users 1-21,POST /batch mixed tasks,200,176
1779032353080,Load Users 1-25,GET /work random mode,200,15
1779032353082,Load Users 1-1,GET /work random mode,200,27
1779032352973,Load Users 1-46,POST /batch mixed tasks,200,142
1779032353119,Load Users 1-51,GET /work random mode,200,4
1779032352864,Load Users 1-22,POST /batch mixed tasks,200,264
1779032352913,Load Users 1-28,POST /batch mixed tasks,200,219
1779032352780,Load Users 1-38,POST /batch mixed tasks,200,353
1779032352935,Load Users 1-47,GET /work random mode,200,198
1779032352848,Load Users 1-42,POST /batch mixed tasks,200,287
1779032352672,Load Users 1-9,POST /batch mixed tasks,200,464
1779032353030,Load Users 1-17,GET /work random mode,200,110
1779032353122,Load Users 1-56,GET /work random mode,200,19
1779032353084,Load Users 1-3,POST /batch mixed tasks,200,61
1779032353077,Load Users 1-12,GET /work random mode,200,74
1779032353094,Load Users 1-8,GET /work random mode,200,63
1779032353051,Load Users 1-53,GET /work random mode,200,108
1779032353017,Load Users 1-23,GET /work random mode,200,145
1779032353152,Load Users 1-11,GET /work random mode,200,11
1779032352981,Load Users 1-37,GET /work random mode,200,185
1779032352896,Load Users 1-19,POST /batch mixed tasks,200,273
1779032352815,Load Users 1-14,POST /batch mixed tasks,200,358
1779032352788,Load Users 1-13,GET /work random mode,200,405
1779032353058,Load Users 1-49,POST /batch mixed tasks,200,135
1779032353107,Load Users 1-27,GET /work random mode,200,90
1779032352853,Load Users 1-6,GET /work random mode,200,365
1779032353071,Load Users 1-50,POST /batch mixed tasks,200,149
1779032353093,Load Users 1-54,POST /batch mixed tasks,200,137
1779032352965,Load Users 1-29,POST /batch mixed tasks,200,279
1779032353069,Load Users 1-30,POST /batch mixed tasks,200,176
1779032352903,Load Users 1-20,POST /batch mixed tasks,200,349
1779032353039,Load Users 1-2,POST /batch mixed tasks,200,213
1779032353238,Load Users 1-12,GET /work random mode,200,15
1779032353191,Load Users 1-22,GET /work random mode,200,63
1779032352827,Load Users 1-41,POST /batch mixed tasks,200,436
1779032353213,Load Users 1-38,GET /work random mode,200,53
1779032353131,Load Users 1-39,POST /batch mixed tasks,200,141
1779032353157,Load Users 1-59,GET /work random mode,200,116
1779032352909,Load Users 1-10,GET /work random mode,200,372
1779032352771,Load Users 1-34,POST /batch mixed tasks,200,514
1779032352904,Load Users 1-7,POST /batch mixed tasks,200,382
1779032352758,Load Users 1-32,POST /batch mixed tasks,200,541
1779032353072,Load Users 1-4,GET /work random mode,200,229
1779032353237,Load Users 1-11,GET /work random mode,200,74
1779032353266,Load Users 1-17,GET /work random mode,200,49
1779032353019,Load Users 1-35,POST /batch mixed tasks,200,301
1779032352901,Load Users 1-31,GET /work random mode,200,421
1779032353195,Load Users 1-47,POST /batch mixed tasks,200,133
1779032352874,Load Users 1-5,GET /work random mode,200,460
1779032353098,Load Users 1-48,POST /batch mixed tasks,200,239
1779032353122,Load Users 1-45,GET /work random mode,200,220
1779032353056,Load Users 1-52,GET /work random mode,200,291
1779032352714,Load Users 1-36,POST /batch mixed tasks,200,646
1779032353318,Load Users 1-65,GET /work random mode,200,42
1779032353182,Load Users 1-42,POST /batch mixed tasks,200,185
1779032353303,Load Users 1-2,GET /work random mode,200,65
1779032353084,Load Users 1-26,GET /work random mode,200,284
1779032353032,Load Users 1-18,GET /work random mode,200,341
1779032353364,Load Users 1-34,GET /work random mode,200,13
1779032353338,Load Users 1-27,POST /batch mixed tasks,200,55
1779032353379,Load Users 1-4,GET /work random mode,200,17
1779032353301,Load Users 1-53,GET /work random mode,200,104
1779032353332,Load Users 1-20,GET /work random mode,200,91
1779032353226,Load Users 1-25,GET /work random mode,200,205
1779032353089,Load Users 1-55,POST /batch mixed tasks,200,345
1779032353206,Load Users 1-37,GET /work random mode,200,236
1779032352944,Load Users 1-40,POST /batch mixed tasks,200,501
1779032353211,Load Users 1-60,POST /batch mixed tasks,200,235
1779032352688,Load Users 1-24,POST /batch mixed tasks,200,761
1779032353245,Load Users 1-9,POST /batch mixed tasks,200,207
1779032353329,Load Users 1-62,GET /work random mode,200,125
1779032353287,Load Users 1-22,GET /work random mode,200,168
1779032353262,Load Users 1-8,GET /work random mode,200,197
1779032353301,Load Users 1-13,GET /work random mode,200,164
1779032353404,Load Users 1-11,GET /work random mode,200,62
1779032353179,Load Users 1-44,POST /batch mixed tasks,200,288
1779032353447,Load Users 1-70,GET /work random mode,200,20
1779032353345,Load Users 1-59,GET /work random mode,200,133
1779032353215,Load Users 1-28,GET /work random mode,200,265
1779032353242,Load Users 1-21,POST /batch mixed tasks,200,239
1779032353477,Load Users 1-5,GET /work random mode,200,7
1779032353481,Load Users 1-20,GET /work random mode,200,8
1779032353481,Load Users 1-55,GET /work random mode,200,24
1779032353217,Load Users 1-58,GET /work random mode,200,310
1779032353359,Load Users 1-10,GET /work random mode,200,169
1779032353277,Load Users 1-3,POST /batch mixed tasks,200,258
1779032353527,Load Users 1-27,GET /work random mode,200,8
1779032353461,Load Users 1-36,POST /batch mixed tasks,200,77
1779032353277,Load Users 1-56,POST /batch mixed tasks,200,264
1779032353335,Load Users 1-38,GET /work random mode,200,208
1779032353405,Load Users 1-71,GET /work random mode,200,147
1779032353114,Load Users 1-15,POST /batch mixed tasks,200,438
1779032353551,Load Users 1-75,GET /work random mode,200,3
1779032353555,Load Users 1-60,GET /work random mode,200,15
1779032353158,Load Users 1-46,GET /work random mode,200,413
1779032353532,Load Users 1-9,GET /work random mode,200,40
1779032353542,Load Users 1-11,GET /work random mode,200,30
1779032353187,Load Users 1-57,POST /batch mixed tasks,200,396
1779032353372,Load Users 1-29,POST /batch mixed tasks,200,215
1779032353173,Load Users 1-43,GET /work random mode,200,418
1779032353549,Load Users 1-73,GET /work random mode,200,45
1779032353145,Load Users 1-16,GET /work random mode,200,449
1779032353032,Load Users 1-33,POST /batch mixed tasks,200,565
1779032353357,Load Users 1-39,POST /batch mixed tasks,200,244
1779032353314,Load Users 1-12,GET /work random mode,200,288
1779032353434,Load Users 1-2,GET /work random mode,200,171
1779032353300,Load Users 1-50,GET /work random mode,200,306
1779032353351,Load Users 1-30,POST /batch mixed tasks,200,256
1779032353308,Load Users 1-61,GET /work random mode,200,301
1779032353582,Load Users 1-55,GET /work random mode,200,36
1779032353206,Load Users 1-51,POST /batch mixed tasks,200,426
1779032353337,Load Users 1-32,GET /work random mode,200,295
1779032353464,Load Users 1-35,POST /batch mixed tasks,200,173
1779032353374,Load Users 1-66,POST /batch mixed tasks,200,264
1779032353589,Load Users 1-22,GET /work random mode,200,49
1779032353642,Load Users 1-27,GET /work random mode,200,6
1779032353463,Load Users 1-31,GET /work random mode,200,204
1779032353257,Load Users 1-23,POST /batch mixed tasks,200,425
1779032353647,Load Users 1-30,GET /work random mode,200,41
1779032353326,Load Users 1-67,POST /batch mixed tasks,200,366
1779032353614,Load Users 1-15,GET /work random mode,200,78
1779032353536,Load Users 1-70,GET /work random mode,200,158
1779032353390,Load Users 1-48,POST /batch mixed tasks,200,305
1779032353591,Load Users 1-24,GET /work random mode,200,108
1779032353531,Load Users 1-37,GET /work random mode,200,170
1779032353295,Load Users 1-6,POST /batch mixed tasks,200,407
1779032353520,Load Users 1-40,POST /batch mixed tasks,200,188
1779032353637,Load Users 1-43,GET /work random mode,200,71
1779032353555,Load Users 1-62,GET /work random mode,200,163
1779032353270,Load Users 1-14,POST /batch mixed tasks,200,452
1779032353489,Load Users 1-72,POST /batch mixed tasks,200,239
1779032353665,Load Users 1-60,GET /work random mode,200,67
1779032353731,Load Users 1-83,GET /work random mode,200,3
1779032353378,Load Users 1-7,GET /work random mode,200,363
1779032353265,Load Users 1-19,GET /work random mode,200,478
1779032353265,Load Users 1-49,POST /batch mixed tasks,200,480
1779032353626,Load Users 1-81,GET /work random mode,200,130
1779032353589,Load Users 1-20,GET /work random mode,200,170
1779032353343,Load Users 1-68,GET /work random mode,200,421
1779032353735,Load Users 1-30,GET /work random mode,200,29
1779032353359,Load Users 1-64,POST /batch mixed tasks,200,407
1779032353373,Load Users 1-54,POST /batch mixed tasks,200,394
1779032353713,Load Users 1-16,GET /work random mode,200,74
1779032353678,Load Users 1-84,GET /work random mode,200,111
1779032353505,Load Users 1-18,POST /batch mixed tasks,200,294
1779032353463,Load Users 1-65,GET /work random mode,200,340
1779032353431,Load Users 1-52,POST /batch mixed tasks,200,385
1779032353350,Load Users 1-63,POST /batch mixed tasks,200,481
1779032353235,Load Users 1-1,POST /batch mixed tasks,200,596
1779032353675,Load Users 1-36,GET /work random mode,200,169
1779032353689,Load Users 1-82,GET /work random mode,200,156
1779032353846,Load Users 1-92,GET /work random mode,200,8
1779032353491,Load Users 1-45,GET /work random mode,200,367
1779032353613,Load Users 1-46,POST /batch mixed tasks,200,248
1779032353470,Load Users 1-34,POST /batch mixed tasks,200,403
1779032353755,Load Users 1-14,GET /work random mode,200,122
1779032353566,Load Users 1-25,POST /batch mixed tasks,200,317
1779032353624,Load Users 1-56,GET /work random mode,200,268
1779032353328,Load Users 1-41,POST /batch mixed tasks,200,569
1779032353622,Load Users 1-28,POST /batch mixed tasks,200,282
1779032353673,Load Users 1-73,POST /batch mixed tasks,200,238
1779032353513,Load Users 1-76,POST /batch mixed tasks,200,409
1779032353829,Load Users 1-48,GET /work random mode,200,99
1779032353775,Load Users 1-40,GET /work random mode,200,159
1779032353608,Load Users 1-75,POST /batch mixed tasks,200,326
1779032353529,Load Users 1-4,GET /work random mode,200,408
1779032353718,Load Users 1-31,GET /work random mode,200,223
1779032353693,Load Users 1-85,POST /batch mixed tasks,200,253
1779032353648,Load Users 1-58,GET /work random mode,200,299
1779032353567,Load Users 1-44,POST /batch mixed tasks,200,384
1779032353856,Load Users 1-7,GET /work random mode,200,105
1779032353960,Load Users 1-14,GET /work random mode,200,11
1779032353689,Load Users 1-33,GET /work random mode,200,282
1779032353525,Load Users 1-59,POST /batch mixed tasks,200,447
1779032353643,Load Users 1-61,POST /batch mixed tasks,200,337
1779032353982,Load Users 1-96,GET /work random mode,200,3
1779032353618,Load Users 1-21,POST /batch mixed tasks,200,368
1779032353660,Load Users 1-9,POST /batch mixed tasks,200,327
1779032353987,Load Users 1-99,GET /work random mode,200,6
1779032353560,Load Users 1-10,POST /batch mixed tasks,200,439
1779032353887,Load Users 1-36,GET /work random mode,200,121
1779032353909,Load Users 1-16,GET /work random mode,200,105
1779032353874,Load Users 1-68,GET /work random mode,200,141
1779032353944,Load Users 1-92,GET /work random mode,200,73
1779032353574,Load Users 1-78,GET /work random mode,200,444
1779032353796,Load Users 1-89,GET /work random mode,200,224
1779032353776,Load Users 1-88,GET /work random mode,200,248
1779032353671,Load Users 1-39,GET /work random mode,200,359
1779032353433,Load Users 1-69,GET /work random mode,200,604
1779032353768,Load Users 1-24,GET /work random mode,200,271
1779032353385,Load Users 1-17,GET /work random mode,200,656
1779032353767,Load Users 1-87,POST /batch mixed tasks,200,281
1779032353962,Load Users 1-48,GET /work random mode,200,91
1779032353911,Load Users 1-84,GET /work random mode,200,144
1779032354005,Load Users 1-14,GET /work random mode,200,58
1779032353914,Load Users 1-64,GET /work random mode,200,150
1779032354050,Load Users 1-73,GET /work random mode,200,21
1779032353685,Load Users 1-50,POST /batch mixed tasks,200,394
1779032353977,Load Users 1-31,GET /work random mode,200,104
1779032353924,Load Users 1-65,GET /work random mode,200,159
1779032353521,Load Users 1-13,POST /batch mixed tasks,200,563
1779032353487,Load Users 1-42,POST /batch mixed tasks,200,598
1779032353546,Load Users 1-53,POST /batch mixed tasks,200,540
1779032353747,Load Users 1-2,GET /work random mode,200,340
1779032353851,Load Users 1-6,GET /work random mode,200,247
1779032354049,Load Users 1-28,GET /work random mode,200,49
1779032353670,Load Users 1-71,GET /work random mode,200,430
1779032354068,Load Users 1-10,GET /work random mode,200,34
1779032353713,Load Users 1-22,GET /work random mode,200,390
1779032353464,Load Users 1-47,POST /batch mixed tasks,200,639
1779032353738,Load Users 1-51,POST /batch mixed tasks,200,366
1779032353789,Load Users 1-43,GET /work random mode,200,316
1779032353428,Load Users 1-26,POST /batch mixed tasks,200,679
1779032354089,Load Users 1-96,GET /work random mode,200,26
1779032353980,Load Users 1-4,POST /batch mixed tasks,200,145
1779032353709,Load Users 1-11,POST /batch mixed tasks,200,419
1779032353874,Load Users 1-91,GET /work random mode,200,261
1779032353586,Load Users 1-80,GET /work random mode,200,549
1779032354140,Load Users 1-71,GET /work random mode,200,3
1779032353740,Load Users 1-55,POST /batch mixed tasks,200,405
1779032353875,Load Users 1-90,GET /work random mode,200,281
1779032353981,Load Users 1-25,POST /batch mixed tasks,200,185
1779032353639,Load Users 1-3,POST /batch mixed tasks,200,531
1779032353880,Load Users 1-20,POST /batch mixed tasks,200,290
1779032354075,Load Users 1-68,GET /work random mode,200,97
1779032354009,Load Users 1-46,GET /work random mode,200,174
1779032354154,Load Users 1-10,GET /work random mode,200,29
1779032353699,Load Users 1-12,POST /batch mixed tasks,200,488
1779032354166,Load Users 1-2,GET /work random mode,200,22
1779032354149,Load Users 1-96,GET /work random mode,200,39
1779032353785,Load Users 1-66,POST /batch mixed tasks,200,407
1779032354116,Load Users 1-78,GET /work random mode,200,80
1779032353618,Load Users 1-77,POST /batch mixed tasks,200,583
1779032353770,Load Users 1-86,GET /work random mode,200,442
1779032353561,Load Users 1-79,POST /batch mixed tasks,200,654
1779032353881,Load Users 1-60,GET /work random mode,200,344
1779032354177,Load Users 1-47,GET /work random mode,200,51
1779032353830,Load Users 1-54,POST /batch mixed tasks,200,400
1779032354231,Load Users 1-25,GET /work random mode,200,10
1779032353938,Load Users 1-45,GET /work random mode,200,303
1779032354194,Load Users 1-42,GET /work random mode,200,55
1779032354162,Load Users 1-51,GET /work random mode,200,88
1779032353773,Load Users 1-67,GET /work random mode,200,478
1779032353921,Load Users 1-52,POST /batch mixed tasks,200,339
1779032353838,Load Users 1-18,POST /batch mixed tasks,200,435
1779032353816,Load Users 1-23,POST /batch mixed tasks,200,481
1779032354312,Load Users 1-2,GET /work random mode,200,10
1779032354265,Load Users 1-20,GET /work random mode,200,58
1779032353805,Load Users 1-70,POST /batch mixed tasks,200,519
1779032354107,Load Users 1-59,POST /batch mixed tasks,200,219
1779032354168,Load Users 1-73,GET /work random mode,200,159
1779032354136,Load Users 1-39,POST /batch mixed tasks,200,193
1779032354181,Load Users 1-91,GET /work random mode,200,148
1779032354028,Load Users 1-41,GET /work random mode,200,302
1779032354210,Load Users 1-22,GET /work random mode,200,133
1779032353888,Load Users 1-82,GET /work random mode,200,463
1779032354076,Load Users 1-7,GET /work random mode,200,277
1779032353554,Load Users 1-5,POST /batch mixed tasks,200,803
1779032353840,Load Users 1-19,GET /work random mode,200,522
1779032353790,Load Users 1-62,POST /batch mixed tasks,200,572
1779032353846,Load Users 1-81,GET /work random mode,200,517
1779032353818,Load Users 1-83,POST /batch mixed tasks,200,548
1779032354154,Load Users 1-36,GET /work random mode,200,220
1779032354071,Load Users 1-76,POST /batch mixed tasks,200,304
1779032353737,Load Users 1-32,POST /batch mixed tasks,200,641
1779032353727,Load Users 1-27,POST /batch mixed tasks,200,658
1779032353829,Load Users 1-49,POST /batch mixed tasks,200,559
1779032354397,Load Users 1-83,GET /work random mode,200,4
1779032353712,Load Users 1-57,GET /work random mode,200,696
1779032353668,Load Users 1-38,POST /batch mixed tasks,200,746
1779032353699,Load Users 1-29,POST /batch mixed tasks,200,734
1779032354422,Load Users 1-39,GET /work random mode,200,13
1779032353909,Load Users 1-93,POST /batch mixed tasks,200,530
1779032354158,Load Users 1-13,GET /work random mode,200,282
1779032354401,Load Users 1-20,GET /work random mode,200,42
1779032354300,Load Users 1-3,GET /work random mode,200,144
1779032353944,Load Users 1-94,POST /batch mixed tasks,200,501
1779032354186,Load Users 1-28,GET /work random mode,200,273
1779032353543,Load Users 1-8,GET /work random mode,200,926
1779032354149,Load Users 1-65,GET /work random mode,200,325
1779032354150,Load Users 1-26,POST /batch mixed tasks,200,325
1779032354354,Load Users 1-67,GET /work random mode,200,121
1779032354104,Load Users 1-89,POST /batch mixed tasks,200,373
1779032354054,Load Users 1-44,GET /work random mode,200,424
1779032353897,Load Users 1-30,POST /batch mixed tasks,200,582
1779032354445,Load Users 1-2,GET /work random mode,200,35
1779032354270,Load Users 1-80,POST /batch mixed tasks,200,213
1779032354337,Load Users 1-42,GET /work random mode,200,151
1779032353970,Load Users 1-98,POST /batch mixed tasks,200,525
1779032353772,Load Users 1-35,POST /batch mixed tasks,200,725
1779032354190,Load Users 1-43,GET /work random mode,200,315
1779032354436,Load Users 1-83,GET /work random mode,200,69
1779032353838,Load Users 1-72,POST /batch mixed tasks,200,672
1779032354332,Load Users 1-96,POST /batch mixed tasks,200,180
1779032354290,Load Users 1-52,GET /work random mode,200,227
1779032354225,Load Users 1-53,POST /batch mixed tasks,200,292
1779032354187,Load Users 1-64,POST /batch mixed tasks,200,335
1779032354456,Load Users 1-82,GET /work random mode,200,89
1779032354144,Load Users 1-69,POST /batch mixed tasks,200,402
1779032354409,Load Users 1-18,GET /work random mode,200,140
1779032353937,Load Users 1-63,POST /batch mixed tasks,200,612
1779032354128,Load Users 1-99,POST /batch mixed tasks,200,427
1779032354242,Load Users 1-12,POST /batch mixed tasks,200,314
1779032354111,Load Users 1-87,POST /batch mixed tasks,200,448
1779032354451,Load Users 1-49,GET /work random mode,200,110
1779032354275,Load Users 1-86,POST /batch mixed tasks,200,289
1779032354091,Load Users 1-21,GET /work random mode,200,473
1779032354085,Load Users 1-58,POST /batch mixed tasks,200,482
1779032354136,Load Users 1-31,POST /batch mixed tasks,200,435
1779032354126,Load Users 1-9,GET /work random mode,200,446
1779032354235,Load Users 1-55,POST /batch mixed tasks,200,338
1779032354110,Load Users 1-50,POST /batch mixed tasks,200,464
1779032354198,Load Users 1-90,GET /work random mode,200,386
1779032353565,Load Users 1-74,POST /batch mixed tasks,200,1024
1779032354594,Load Users 1-98,GET /work random mode,200,3
1779032354569,Load Users 1-93,GET /work random mode,200,38
1779032354241,Load Users 1-4,POST /batch mixed tasks,200,367
1779032354430,Load Users 1-41,POST /batch mixed tasks,200,183
1779032353942,Load Users 1-97,GET /work random mode,200,671
1779032354228,Load Users 1-71,GET /work random mode,200,399
1779032354292,Load Users 1-77,POST /batch mixed tasks,200,337
1779032354097,Load Users 1-61,POST /batch mixed tasks,200,535
1779032354028,Load Users 1-85,GET /work random mode,200,614
1779032354521,Load Users 1-27,GET /work random mode,200,129
1779032354241,Load Users 1-10,POST /batch mixed tasks,200,418
1779032353944,Load Users 1-95,POST /batch mixed tasks,200,721
1779032354073,Load Users 1-17,GET /work random mode,200,595
1779032354650,Load Users 1-4,GET /work random mode,200,22
1779032354567,Load Users 1-94,POST /batch mixed tasks,200,116
1779032354582,Load Users 1-13,POST /batch mixed tasks,200,107
1779032353767,Load Users 1-37,POST /batch mixed tasks,200,935
1779032354619,Load Users 1-44,GET /work random mode,200,83
1779032354689,Load Users 1-69,GET /work random mode,200,14
1779032354216,Load Users 1-46,POST /batch mixed tasks,200,490
1779032354209,Load Users 1-11,GET /work random mode,200,498
1779032354094,Load Users 1-33,GET /work random mode,200,616
1779032354264,Load Users 1-47,GET /work random mode,200,449
1779032354640,Load Users 1-50,GET /work random mode,200,85
1779032354443,Load Users 1-81,GET /work random mode,200,282
1779032354335,Load Users 1-78,POST /batch mixed tasks,200,395
1779032354562,Load Users 1-89,GET /work random mode,200,170
1779032354540,Load Users 1-42,GET /work random mode,200,192
1779032354515,Load Users 1-57,GET /work random mode,200,224
1779032354637,Load Users 1-72,GET /work random mode,200,113
1779032354520,Load Users 1-39,POST /batch mixed tasks,200,234
1779032354665,Load Users 1-82,GET /work random mode,200,89
1779032354588,Load Users 1-52,POST /batch mixed tasks,200,170
1779032354612,Load Users 1-2,GET /work random mode,200,149
1779032354580,Load Users 1-63,POST /batch mixed tasks,200,184
1779032354343,Load Users 1-51,POST /batch mixed tasks,200,425
1779032354058,Load Users 1-75,POST /batch mixed tasks,200,711
1779032354009,Load Users 1-40,POST /batch mixed tasks,200,778
1779032354498,Load Users 1-20,GET /work random mode,200,290
1779032354135,Load Users 1-16,GET /work random mode,200,653
1779032354720,Load Users 1-17,GET /work random mode,200,75
1779032354579,Load Users 1-8,POST /batch mixed tasks,200,222
1779032354588,Load Users 1-64,GET /work random mode,200,215
1779032354750,Load Users 1-71,GET /work random mode,200,64
1779032354691,Load Users 1-41,POST /batch mixed tasks,200,123
1779032354788,Load Users 1-44,GET /work random mode,200,29
1779032354686,Load Users 1-58,POST /batch mixed tasks,200,133
1779032354099,Load Users 1-24,POST /batch mixed tasks,200,725
1779032354671,Load Users 1-31,GET /work random mode,200,156
1779032354176,Load Users 1-84,GET /work random mode,200,658
1779032354797,Load Users 1-39,GET /work random mode,200,43
1779032354720,Load Users 1-4,GET /work random mode,200,122
1779032354606,Load Users 1-12,GET /work random mode,200,239
1779032353979,Load Users 1-34,POST /batch mixed tasks,200,873
1779032354825,Load Users 1-33,GET /work random mode,200,33
1779032354695,Load Users 1-49,POST /batch mixed tasks,200,164
1779032354540,Load Users 1-80,POST /batch mixed tasks,200,323
1779032354805,Load Users 1-10,GET /work random mode,200,65
1779032354212,Load Users 1-68,POST /batch mixed tasks,200,666
1779032354233,Load Users 1-6,POST /batch mixed tasks,200,645
1779032354607,Load Users 1-87,POST /batch mixed tasks,200,272
1779032354821,Load Users 1-46,GET /work random mode,200,61
1779032354401,Load Users 1-22,GET /work random mode,200,490
1779032354660,Load Users 1-9,GET /work random mode,200,231
1779032354870,Load Users 1-89,GET /work random mode,200,26
1779032354804,Load Users 1-51,POST /batch mixed tasks,200,94
1779032354512,Load Users 1-29,POST /batch mixed tasks,200,396
1779032354040,Load Users 1-56,POST /batch mixed tasks,200,869
1779032354766,Load Users 1-81,POST /batch mixed tasks,200,160
1779032354831,Load Users 1-72,GET /work random mode,200,96
1779032354039,Load Users 1-100,POST /batch mixed tasks,200,889
1779032354638,Load Users 1-96,POST /batch mixed tasks,200,296
1779032354928,Load Users 1-16,GET /work random mode,200,9
1779032354305,Load Users 1-45,GET /work random mode,200,635
1779032354324,Load Users 1-25,POST /batch mixed tasks,200,636
1779032354922,Load Users 1-22,GET /work random mode,200,39
1779032354662,Load Users 1-53,POST /batch mixed tasks,200,301
1779032353954,Load Users 1-1,POST /batch mixed tasks,200,1011
1779032354411,Load Users 1-23,POST /batch mixed tasks,200,555
1779032354955,Load Users 1-6,GET /work random mode,200,15
1779032354907,Load Users 1-31,GET /work random mode,200,63
1779032354453,Load Users 1-62,POST /batch mixed tasks,200,538
1779032354647,Load Users 1-83,GET /work random mode,200,344
1779032353815,Load Users 1-15,POST /batch mixed tasks,200,1187
1779032354905,Load Users 1-44,GET /work random mode,200,102
1779032354632,Load Users 1-55,POST /batch mixed tasks,200,377
1779032354972,Load Users 1-84,GET /work random mode,200,38
1779032354555,Load Users 1-38,POST /batch mixed tasks,200,456
1779032354695,Load Users 1-61,POST /batch mixed tasks,200,321
1779032354458,Load Users 1-7,GET /work random mode,200,559
1779032354970,Load Users 1-12,GET /work random mode,200,48
1779032354540,Load Users 1-35,POST /batch mixed tasks,200,480
1779032354670,Load Users 1-74,GET /work random mode,200,352
1779032354592,Load Users 1-18,GET /work random mode,200,431
1779032354471,Load Users 1-70,POST /batch mixed tasks,200,558
1779032354749,Load Users 1-95,GET /work random mode,200,280
1779032354415,Load Users 1-36,GET /work random mode,200,619
1779032354829,Load Users 1-40,GET /work random mode,200,207
1779032354461,Load Users 1-91,GET /work random mode,200,575
1779032354631,Load Users 1-21,GET /work random mode,200,408
1779032354895,Load Users 1-75,GET /work random mode,200,158
1779032354816,Load Users 1-37,GET /work random mode,200,245
1779032354587,Load Users 1-43,POST /batch mixed tasks,200,476
1779032354691,Load Users 1-97,GET /work random mode,200,376
1779032354896,Load Users 1-52,GET /work random mode,200,173
1779032355040,Load Users 1-29,GET /work random mode,200,29
1779032354683,Load Users 1-27,POST /batch mixed tasks,200,390
1779032354739,Load Users 1-13,POST /batch mixed tasks,200,334
1779032354287,Load Users 1-79,POST /batch mixed tasks,200,788
1779032354687,Load Users 1-86,POST /batch mixed tasks,200,390
1779032354579,Load Users 1-30,POST /batch mixed tasks,200,503
1779032354622,Load Users 1-67,POST /batch mixed tasks,200,460
1779032354496,Load Users 1-3,POST /batch mixed tasks,200,599
1779032355095,Load Users 1-62,GET /work random mode,200,11
1779032354407,Load Users 1-73,POST /batch mixed tasks,200,703
1779032354700,Load Users 1-98,POST /batch mixed tasks,200,412
1779032354768,Load Users 1-77,GET /work random mode,200,347
1779032355097,Load Users 1-95,GET /work random mode,200,20
1779032354849,Load Users 1-78,GET /work random mode,200,275
1779032355122,Load Users 1-86,GET /work random mode,200,3
1779032355117,Load Users 1-75,GET /work random mode,200,10
1779032354959,Load Users 1-51,POST /batch mixed tasks,200,169
1779032354233,Load Users 1-66,POST /batch mixed tasks,200,916
1779032354945,Load Users 1-89,GET /work random mode,200,209
1779032354462,Load Users 1-59,POST /batch mixed tasks,200,692
1779032354526,Load Users 1-32,POST /batch mixed tasks,200,629
1779032355112,Load Users 1-70,GET /work random mode,200,43
1779032355095,Load Users 1-55,GET /work random mode,200,66
1779032355165,Load Users 1-91,GET /work random mode,200,4
1779032354836,Load Users 1-2,GET /work random mode,200,337
1779032354299,Load Users 1-54,GET /work random mode,200,875
1779032354913,Load Users 1-39,POST /batch mixed tasks,200,262
1779032354978,Load Users 1-72,POST /batch mixed tasks,200,213
1779032354966,Load Users 1-58,GET /work random mode,200,238
1779032354995,Load Users 1-9,GET /work random mode,200,215
1779032354790,Load Users 1-94,POST /batch mixed tasks,200,421
1779032354921,Load Users 1-80,GET /work random mode,200,304
1779032354821,Load Users 1-42,GET /work random mode,200,406
1779032355101,Load Users 1-52,POST /batch mixed tasks,200,132
1779032355226,Load Users 1-98,GET /work random mode,200,10
1779032354746,Load Users 1-47,POST /batch mixed tasks,200,491
1779032355113,Load Users 1-84,GET /work random mode,200,129
1779032354949,Load Users 1-71,POST /batch mixed tasks,200,295
1779032354966,Load Users 1-4,GET /work random mode,200,283
1779032355082,Load Users 1-1,POST /batch mixed tasks,200,167
1779032354662,Load Users 1-90,POST /batch mixed tasks,200,590
1779032354516,Load Users 1-28,POST /batch mixed tasks,200,750
1779032355085,Load Users 1-74,POST /batch mixed tasks,200,188
1779032354848,Load Users 1-50,POST /batch mixed tasks,200,431
1779032354835,Load Users 1-69,GET /work random mode,200,448
1779032355004,Load Users 1-100,GET /work random mode,200,279
1779032355165,Load Users 1-27,POST /batch mixed tasks,200,129
1779032355110,Load Users 1-40,POST /batch mixed tasks,200,192
1779032355202,Load Users 1-79,POST /batch mixed tasks,200,109
1779032355272,Load Users 1-42,GET /work random mode,200,42
1779032355194,Load Users 1-78,POST /batch mixed tasks,200,122
1779032355161,Load Users 1-29,POST /batch mixed tasks,200,157
1779032355232,Load Users 1-54,GET /work random mode,200,90
1779032355237,Load Users 1-51,GET /work random mode,200,90
1779032355104,Load Users 1-35,GET /work random mode,200,225
1779032355189,Load Users 1-73,POST /batch mixed tasks,200,145
1779032355207,Load Users 1-89,GET /work random mode,200,129
1779032355210,Load Users 1-86,GET /work random mode,200,128
1779032354703,Load Users 1-99,POST /batch mixed tasks,200,636
1779032354534,Load Users 1-65,POST /batch mixed tasks,200,805
1779032355212,Load Users 1-91,GET /work random mode,200,134
1779032354151,Load Users 1-88,POST /batch mixed tasks,200,1197
1779032355331,Load Users 1-74,GET /work random mode,200,19
1779032355141,Load Users 1-3,POST /batch mixed tasks,200,213
1779032355001,Load Users 1-6,POST /batch mixed tasks,200,373
1779032355384,Load Users 1-4,GET /work random mode,200,2
1779032355367,Load Users 1-54,GET /work random mode,200,19
1779032354068,Load Users 1-92,POST /batch mixed tasks,200,1326
1779032355157,Load Users 1-95,POST /batch mixed tasks,200,248
1779032355267,Load Users 1-2,GET /work random mode,200,138
1779032355252,Load Users 1-75,GET /work random mode,200,156
1779032355332,Load Users 1-50,GET /work random mode,200,91
1779032355228,Load Users 1-39,POST /batch mixed tasks,200,196
1779032354811,Load Users 1-63,POST /batch mixed tasks,200,623
1779032354141,Load Users 1-14,POST /batch mixed tasks,200,1296
1779032354951,Load Users 1-10,POST /batch mixed tasks,200,493
1779032355074,Load Users 1-21,POST /batch mixed tasks,200,373
1779032355027,Load Users 1-25,POST /batch mixed tasks,200,424
1779032354414,Load Users 1-5,GET /work random mode,200,1048
1779032355105,Load Users 1-15,POST /batch mixed tasks,200,360
1779032355456,Load Users 1-75,GET /work random mode,200,13
1779032354467,Load Users 1-76,GET /work random mode,200,1017
1779032355128,Load Users 1-97,POST /batch mixed tasks,200,357
1779032355244,Load Users 1-72,POST /batch mixed tasks,200,242
1779032354950,Load Users 1-68,POST /batch mixed tasks,200,539
1779032355233,Load Users 1-77,POST /batch mixed tasks,200,262
1779032355354,Load Users 1-69,GET /work random mode,200,151
1779032355184,Load Users 1-67,POST /batch mixed tasks,200,345
1779032355073,Load Users 1-18,POST /batch mixed tasks,200,457
1779032355130,Load Users 1-38,GET /work random mode,200,400
1779032354910,Load Users 1-20,POST /batch mixed tasks,200,623
1779032355392,Load Users 1-3,POST /batch mixed tasks,200,147
1779032355284,Load Users 1-66,POST /batch mixed tasks,200,264
1779032354987,Load Users 1-45,GET /work random mode,200,564
1779032355066,Load Users 1-81,GET /work random mode,200,486
1779032355266,Load Users 1-32,POST /batch mixed tasks,200,286
1779032355039,Load Users 1-23,POST /batch mixed tasks,200,515
1779032355105,Load Users 1-36,POST /batch mixed tasks,200,451
1779032355409,Load Users 1-79,GET /work random mode,200,150
1779032355489,Load Users 1-91,GET /work random mode,200,72
1779032355126,Load Users 1-43,GET /work random mode,200,439
1779032354949,Load Users 1-41,GET /work random mode,200,621
1779032355463,Load Users 1-89,GET /work random mode,200,107
1779032355040,Load Users 1-96,POST /batch mixed tasks,200,531
1779032354364,Load Users 1-60,POST /batch mixed tasks,200,1210
1779032355451,Load Users 1-6,GET /work random mode,200,140
1779032354860,Load Users 1-82,POST /batch mixed tasks,200,742
1779032355578,Load Users 1-38,GET /work random mode,200,29
1779032355427,Load Users 1-86,POST /batch mixed tasks,200,182
1779032355088,Load Users 1-31,POST /batch mixed tasks,200,523
1779032355368,Load Users 1-29,POST /batch mixed tasks,200,248
1779032355113,Load Users 1-30,POST /batch mixed tasks,200,504
1779032354418,Load Users 1-19,POST /batch mixed tasks,200,1202
1779032355031,Load Users 1-83,POST /batch mixed tasks,200,591
1779032355553,Load Users 1-21,GET /work random mode,200,69
1779032354999,Load Users 1-53,POST /batch mixed tasks,200,640
1779032354784,Load Users 1-85,GET /work random mode,200,859
1779032355487,Load Users 1-25,GET /work random mode,200,156
1779032355108,Load Users 1-61,GET /work random mode,200,536
1779032354123,Load Users 1-48,GET /work random mode,200,1532
1779032355590,Load Users 1-23,GET /work random mode,200,67
1779032355288,Load Users 1-59,POST /batch mixed tasks,200,373
1779032355644,Load Users 1-96,GET /work random mode,200,18
1779032355538,Load Users 1-69,GET /work random mode,200,126
1779032354813,Load Users 1-11,POST /batch mixed tasks,200,852
1779032355452,Load Users 1-88,GET /work random mode,200,214
1779032355212,Load Users 1-55,GET /work random mode,200,459
1779032354952,Load Users 1-87,POST /batch mixed tasks,200,720
1779032355387,Load Users 1-28,POST /batch mixed tasks,200,290
1779032354896,Load Users 1-24,GET /work random mode,200,785
1779032355555,Load Users 1-5,POST /batch mixed tasks,200,126
1779032354948,Load Users 1-8,POST /batch mixed tasks,200,745
1779032355156,Load Users 1-7,GET /work random mode,200,538
1779032355287,Load Users 1-47,POST /batch mixed tasks,200,409
1779032355287,Load Users 1-58,POST /batch mixed tasks,200,415
1779032354522,Load Users 1-26,POST /batch mixed tasks,200,1182
1779032354886,Load Users 1-57,POST /batch mixed tasks,200,825
1779032355317,Load Users 1-9,GET /work random mode,200,400
1779032355665,Load Users 1-30,GET /work random mode,200,56
1779032355192,Load Users 1-37,GET /work random mode,200,535
1779032354954,Load Users 1-34,GET /work random mode,200,774
1779032355633,Load Users 1-76,GET /work random mode,200,95
1779032355670,Load Users 1-91,GET /work random mode,200,58
1779032355416,Load Users 1-100,POST /batch mixed tasks,200,327
1779032355493,Load Users 1-14,GET /work random mode,200,254
1779032355399,Load Users 1-99,GET /work random mode,200,349
1779032355634,Load Users 1-45,GET /work random mode,200,115
1779032355386,Load Users 1-1,POST /batch mixed tasks,200,373
1779032355293,Load Users 1-71,POST /batch mixed tasks,200,467
1779032355677,Load Users 1-19,GET /work random mode,200,83
1779032355565,Load Users 1-15,POST /batch mixed tasks,200,199
1779032355012,Load Users 1-56,POST /batch mixed tasks,200,752
1779032355710,Load Users 1-38,GET /work random mode,200,63
1779032354878,Load Users 1-17,GET /work random mode,200,896
1779032355414,Load Users 1-65,GET /work random mode,200,360
1779032355143,Load Users 1-12,GET /work random mode,200,632
1779032354968,Load Users 1-33,GET /work random mode,200,816
1779032355651,Load Users 1-29,GET /work random mode,200,134
1779032355383,Load Users 1-40,GET /work random mode,200,403
1779032355701,Load Users 1-53,GET /work random mode,200,87
1779032354892,Load Users 1-64,POST /batch mixed tasks,200,902
1779032354739,Load Users 1-93,GET /work random mode,200,1064
1779032355479,Load Users 1-54,GET /work random mode,200,332
1779032355650,Load Users 1-60,GET /work random mode,200,163
1779032355671,Load Users 1-20,GET /work random mode,200,149
1779032355768,Load Users 1-96,GET /work random mode,200,62
1779032355819,Load Users 1-19,GET /work random mode,200,12
1779032355770,Load Users 1-11,GET /work random mode,200,68
1779032355588,Load Users 1-77,POST /batch mixed tasks,200,257
1779032355810,Load Users 1-59,GET /work random mode,200,36
1779032355758,Load Users 1-86,GET /work random mode,200,89
1779032355601,Load Users 1-32,POST /batch mixed tasks,200,247
1779032355135,Load Users 1-13,POST /batch mixed tasks,200,717
1779032354971,Load Users 1-46,GET /work random mode,200,881
1779032355851,Load Users 1-71,GET /work random mode,200,13
1779032355651,Load Users 1-82,GET /work random mode,200,215
1779032355311,Load Users 1-80,POST /batch mixed tasks,200,565
1779032355792,Load Users 1-5,GET /work random mode,200,87
1779032355536,Load Users 1-72,POST /batch mixed tasks,200,346
1779032355792,Load Users 1-8,GET /work random mode,200,91
1779032354998,Load Users 1-16,GET /work random mode,200,888
1779032355468,Load Users 1-73,GET /work random mode,200,424
1779032355760,Load Users 1-34,GET /work random mode,200,141
1779032355838,Load Users 1-53,GET /work random mode,200,63
1779032355784,Load Users 1-48,GET /work random mode,200,140
1779032355269,Load Users 1-98,POST /batch mixed tasks,200,664
1779032355891,Load Users 1-77,GET /work random mode,200,44
1779032355796,Load Users 1-15,GET /work random mode,200,140
1779032355622,Load Users 1-36,POST /batch mixed tasks,200,314
1779032355763,Load Users 1-61,POST /batch mixed tasks,200,178
1779032355478,Load Users 1-4,POST /batch mixed tasks,200,464
1779032355417,Load Users 1-35,POST /batch mixed tasks,200,525
1779032355691,Load Users 1-81,POST /batch mixed tasks,200,253
1779032355368,Load Users 1-52,POST /batch mixed tasks,200,577
1779032355646,Load Users 1-89,POST /batch mixed tasks,200,313
1779032355733,Load Users 1-55,GET /work random mode,200,227
1779032355558,Load Users 1-68,POST /batch mixed tasks,200,404
1779032355612,Load Users 1-43,GET /work random mode,200,351
1779032355713,Load Users 1-31,POST /batch mixed tasks,200,258
1779032355329,Load Users 1-84,GET /work random mode,200,643
1779032355932,Load Users 1-8,GET /work random mode,200,50
1779032355511,Load Users 1-39,GET /work random mode,200,474
1779032355611,Load Users 1-18,GET /work random mode,200,375
1779032355582,Load Users 1-3,POST /batch mixed tasks,200,407
1779032355800,Load Users 1-76,POST /batch mixed tasks,200,190
1779032355876,Load Users 1-54,GET /work random mode,200,121
1779032355917,Load Users 1-40,GET /work random mode,200,85
1779032355384,Load Users 1-78,POST /batch mixed tasks,200,631
1779032355304,Load Users 1-70,GET /work random mode,200,715
1779032355373,Load Users 1-51,POST /batch mixed tasks,200,648
1779032355795,Load Users 1-99,POST /batch mixed tasks,200,227
1779032355620,Load Users 1-79,GET /work random mode,200,403
1779032355776,Load Users 1-24,POST /batch mixed tasks,200,250
1779032355032,Load Users 1-22,POST /batch mixed tasks,200,1012
1779032355313,Load Users 1-90,POST /batch mixed tasks,200,735
1779032356047,Load Users 1-39,GET /work random mode,200,15
1779032355536,Load Users 1-2,POST /batch mixed tasks,200,533
1779032355515,Load Users 1-50,POST /batch mixed tasks,200,555
1779032356047,Load Users 1-43,GET /work random mode,200,38
1779032355420,Load Users 1-27,POST /batch mixed tasks,200,679
1779032356092,Load Users 1-51,GET /work random mode,200,12
1779032355398,Load Users 1-42,POST /batch mixed tasks,200,716
1779032355971,Load Users 1-36,GET /work random mode,200,150
1779032355988,Load Users 1-81,GET /work random mode,200,134
1779032355923,Load Users 1-46,POST /batch mixed tasks,200,205
1779032356023,Load Users 1-68,GET /work random mode,200,105
1779032355740,Load Users 1-7,GET /work random mode,200,391
1779032354941,Load Users 1-49,GET /work random mode,200,1198
1779032355628,Load Users 1-97,GET /work random mode,200,520
1779032355878,Load Users 1-64,POST /batch mixed tasks,200,271
1779032356118,Load Users 1-3,GET /work random mode,200,33
1779032355741,Load Users 1-85,GET /work random mode,200,416
1779032355833,Load Users 1-65,POST /batch mixed tasks,200,326
1779032355799,Load Users 1-87,POST /batch mixed tasks,200,361
1779032355768,Load Users 1-47,POST /batch mixed tasks,200,393
1779032356035,Load Users 1-16,GET /work random mode,200,136
1779032355236,Load Users 1-62,POST /batch mixed tasks,200,936
1779032355886,Load Users 1-60,POST /batch mixed tasks,200,289
1779032355920,Load Users 1-80,POST /batch mixed tasks,200,265
1779032355933,Load Users 1-11,GET /work random mode,200,252
1779032355865,Load Users 1-9,POST /batch mixed tasks,200,321
1779032355397,Load Users 1-74,GET /work random mode,200,789
1779032356022,Load Users 1-84,GET /work random mode,200,167
1779032356027,Load Users 1-48,GET /work random mode,200,163
1779032355738,Load Users 1-25,POST /batch mixed tasks,200,465
1779032356148,Load Users 1-51,GET /work random mode,200,59
1779032356007,Load Users 1-5,GET /work random mode,200,201
1779032355812,Load Users 1-28,POST /batch mixed tasks,200,400
1779032355921,Load Users 1-33,POST /batch mixed tasks,200,294
1779032355821,Load Users 1-37,POST /batch mixed tasks,200,400
1779032355780,Load Users 1-57,POST /batch mixed tasks,200,442
1779032356051,Load Users 1-4,GET /work random mode,200,173
1779032355621,Load Users 1-6,POST /batch mixed tasks,200,606
1779032355771,Load Users 1-26,GET /work random mode,200,462
1779032355855,Load Users 1-91,POST /batch mixed tasks,200,381
1779032355743,Load Users 1-23,GET /work random mode,200,498
1779032356212,Load Users 1-42,GET /work random mode,200,31
1779032355989,Load Users 1-86,GET /work random mode,200,256
1779032356232,Load Users 1-80,GET /work random mode,200,23
1779032356006,Load Users 1-73,POST /batch mixed tasks,200,257
1779032356174,Load Users 1-7,GET /work random mode,200,90
1779032356228,Load Users 1-97,GET /work random mode,200,37
1779032355886,Load Users 1-56,GET /work random mode,200,382
1779032355661,Load Users 1-66,POST /batch mixed tasks,200,618
1779032356108,Load Users 1-70,GET /work random mode,200,171
1779032355851,Load Users 1-45,GET /work random mode,200,437
1779032356150,Load Users 1-50,POST /batch mixed tasks,200,140
1779032355674,Load Users 1-67,POST /batch mixed tasks,200,619
1779032355959,Load Users 1-59,POST /batch mixed tasks,200,336
1779032355731,Load Users 1-21,GET /work random mode,200,566
1779032356283,Load Users 1-48,GET /work random mode,200,15
1779032355507,Load Users 1-10,POST /batch mixed tasks,200,800
1779032356059,Load Users 1-35,POST /batch mixed tasks,200,254
1779032356287,Load Users 1-16,GET /work random mode,200,32
1779032355991,Load Users 1-77,POST /batch mixed tasks,200,332
1779032356234,Load Users 1-43,GET /work random mode,200,91
1779032355959,Load Users 1-53,GET /work random mode,200,372
1779032355935,Load Users 1-71,POST /batch mixed tasks,200,405
1779032356125,Load Users 1-18,POST /batch mixed tasks,200,215
1779032356185,Load Users 1-68,GET /work random mode,200,160
1779032355109,Load Users 1-44,GET /work random mode,200,1236
1779032356272,Load Users 1-57,GET /work random mode,200,74
1779032355967,Load Users 1-32,POST /batch mixed tasks,200,383
1779032356169,Load Users 1-22,POST /batch mixed tasks,200,190
1779032355702,Load Users 1-69,POST /batch mixed tasks,200,658
1779032356076,Load Users 1-61,POST /batch mixed tasks,200,287
1779032356204,Load Users 1-36,GET /work random mode,200,166
1779032355783,Load Users 1-100,GET /work random mode,200,590
1779032355991,Load Users 1-13,POST /batch mixed tasks,200,389
1779032356288,Load Users 1-28,GET /work random mode,200,96
1779032355523,Load Users 1-95,POST /batch mixed tasks,200,862
1779032355816,Load Users 1-17,GET /work random mode,200,575
1779032356253,Load Users 1-81,GET /work random mode,200,142
1779032356328,Load Users 1-48,GET /work random mode,200,70
1779032355907,Load Users 1-19,GET /work random mode,200,497
1779032355507,Load Users 1-92,POST /batch mixed tasks,200,903
1779032356392,Load Users 1-16,GET /work random mode,200,29
1779032356286,Load Users 1-9,GET /work random mode,200,137
1779032356159,Load Users 1-27,POST /batch mixed tasks,200,265
1779032356373,Load Users 1-56,GET /work random mode,200,53
1779032355308,Load Users 1-94,POST /batch mixed tasks,200,1121
1779032356219,Load Users 1-49,POST /batch mixed tasks,200,216
1779032355908,Load Users 1-93,POST /batch mixed tasks,200,532
1779032355920,Load Users 1-96,POST /batch mixed tasks,200,524
1779032356295,Load Users 1-6,GET /work random mode,200,159
1779032356027,Load Users 1-31,GET /work random mode,200,434
1779032356347,Load Users 1-7,POST /batch mixed tasks,200,116
1779032356239,Load Users 1-87,POST /batch mixed tasks,200,224
1779032356292,Load Users 1-60,POST /batch mixed tasks,200,176
1779032356036,Load Users 1-34,GET /work random mode,200,432
1779032355683,Load Users 1-41,POST /batch mixed tasks,200,796
1779032355566,Load Users 1-75,POST /batch mixed tasks,200,925
1779032356165,Load Users 1-2,POST /batch mixed tasks,200,335
1779032355470,Load Users 1-63,POST /batch mixed tasks,200,1040
1779032356122,Load Users 1-39,GET /work random mode,200,391
1779032356448,Load Users 1-35,GET /work random mode,200,73
1779032356440,Load Users 1-57,GET /work random mode,200,83
1779032355893,Load Users 1-12,POST /batch mixed tasks,200,631
1779032356308,Load Users 1-91,GET /work random mode,200,224
1779032356518,Load Users 1-81,GET /work random mode,200,23
1779032356516,Load Users 1-93,GET /work random mode,200,26
1779032355927,Load Users 1-72,POST /batch mixed tasks,200,622
1779032356444,Load Users 1-21,GET /work random mode,200,106
1779032355842,Load Users 1-29,POST /batch mixed tasks,200,711
1779032356223,Load Users 1-47,GET /work random mode,200,331
1779032356371,Load Users 1-97,POST /batch mixed tasks,200,187
1779032356224,Load Users 1-85,GET /work random mode,200,339
1779032356434,Load Users 1-10,POST /batch mixed tasks,200,130
1779032356098,Load Users 1-24,GET /work random mode,200,472
1779032356479,Load Users 1-71,GET /work random mode,200,91
1779032356053,Load Users 1-15,GET /work random mode,200,520
1779032355826,Load Users 1-14,POST /batch mixed tasks,200,751
1779032356342,Load Users 1-26,GET /work random mode,200,238
1779032356403,Load Users 1-68,GET /work random mode,200,179
1779032356124,Load Users 1-8,POST /batch mixed tasks,200,458
1779032356225,Load Users 1-3,POST /batch mixed tasks,200,364
1779032356282,Load Users 1-62,POST /batch mixed tasks,200,312
1779032356415,Load Users 1-67,POST /batch mixed tasks,200,181
1779032355886,Load Users 1-1,POST /batch mixed tasks,200,711
1779032355735,Load Users 1-58,GET /work random mode,200,865
1779032356496,Load Users 1-19,GET /work random mode,200,109
1779032356471,Load Users 1-32,GET /work random mode,200,140
1779032356585,Load Users 1-47,GET /work random mode,200,27
1779032356603,Load Users 1-93,GET /work random mode,200,10
1779032356488,Load Users 1-44,POST /batch mixed tasks,200,127
1779032356280,Load Users 1-37,POST /batch mixed tasks,200,335
1779032355808,Load Users 1-88,POST /batch mixed tasks,200,808
1779032356093,Load Users 1-76,POST /batch mixed tasks,200,532
1779032356561,Load Users 1-16,GET /work random mode,200,72
1779032356483,Load Users 1-100,POST /batch mixed tasks,200,152
1779032356635,Load Users 1-3,GET /work random mode,200,15
1779032356591,Load Users 1-72,GET /work random mode,200,64
1779032356566,Load Users 1-87,GET /work random mode,200,91
1779032355757,Load Users 1-30,POST /batch mixed tasks,200,909
1779032356452,Load Users 1-53,GET /work random mode,200,230
1779032356074,Load Users 1-54,POST /batch mixed tasks,200,609
1779032356344,Load Users 1-80,POST /batch mixed tasks,200,344
1779032356589,Load Users 1-60,GET /work random mode,200,106
1779032356107,Load Users 1-78,GET /work random mode,200,597
1779032356561,Load Users 1-27,GET /work random mode,200,147
1779032356383,Load Users 1-43,POST /batch mixed tasks,200,330
1779032356300,Load Users 1-5,POST /batch mixed tasks,200,418
1779032355718,Load Users 1-83,GET /work random mode,200,1022
1779032356237,Load Users 1-74,POST /batch mixed tasks,200,503
1779032356300,Load Users 1-42,POST /batch mixed tasks,200,440
1779032356718,Load Users 1-53,GET /work random mode,200,22
1779032356255,Load Users 1-33,GET /work random mode,200,485
1779032356507,Load Users 1-22,GET /work random mode,200,233
1779032356255,Load Users 1-4,POST /batch mixed tasks,200,485
1779032356667,Load Users 1-97,GET /work random mode,200,73
1779032356620,Load Users 1-41,GET /work random mode,200,128
1779032356318,Load Users 1-70,POST /batch mixed tasks,200,462
1779032356740,Load Users 1-68,GET /work random mode,200,40
1779032356683,Load Users 1-85,GET /work random mode,200,99
1779032356590,Load Users 1-31,POST /batch mixed tasks,200,195
1779032356077,Load Users 1-55,GET /work random mode,200,708
1779032356607,Load Users 1-12,POST /batch mixed tasks,200,185
1779032356237,Load Users 1-64,POST /batch mixed tasks,200,556
1779032356790,Load Users 1-42,GET /work random mode,200,18
1779032356660,Load Users 1-1,GET /work random mode,200,150
1779032356273,Load Users 1-25,POST /batch mixed tasks,200,544
1779032356369,Load Users 1-86,GET /work random mode,200,454
1779032356809,Load Users 1-33,GET /work random mode,200,25
1779032356651,Load Users 1-58,GET /work random mode,200,190
1779032356553,Load Users 1-7,POST /batch mixed tasks,200,298
1779032356608,Load Users 1-71,POST /batch mixed tasks,200,257
1779032356791,Load Users 1-43,GET /work random mode,200,78
1779032356337,Load Users 1-50,POST /batch mixed tasks,200,535
1779032356094,Load Users 1-89,POST /batch mixed tasks,200,781
1779032356266,Load Users 1-46,POST /batch mixed tasks,200,627
1779032356553,Load Users 1-57,POST /batch mixed tasks,200,345
1779032356011,Load Users 1-52,POST /batch mixed tasks,200,891
1779032356884,Load Users 1-70,GET /work random mode,200,20
1779032356191,Load Users 1-90,GET /work random mode,200,714
1779032356786,Load Users 1-60,POST /batch mixed tasks,200,123
1779032356795,Load Users 1-30,GET /work random mode,200,114
1779032356868,Load Users 1-86,GET /work random mode,200,48
1779032356527,Load Users 1-6,GET /work random mode,200,391
1779032355909,Load Users 1-38,POST /batch mixed tasks,200,1014
1779032356401,Load Users 1-59,POST /batch mixed tasks,200,524
1779032356490,Load Users 1-69,POST /batch mixed tasks,200,439
1779032355946,Load Users 1-82,GET /work random mode,200,987
1779032355908,Load Users 1-20,POST /batch mixed tasks,200,1026
1779032356774,Load Users 1-78,GET /work random mode,200,161
1779032356748,Load Users 1-3,POST /batch mixed tasks,200,191
1779032356720,Load Users 1-54,POST /batch mixed tasks,200,220
1779032356489,Load Users 1-49,GET /work random mode,200,455
1779032356601,Load Users 1-2,POST /batch mixed tasks,200,351
1779032356405,Load Users 1-45,POST /batch mixed tasks,200,547
1779032356078,Load Users 1-79,POST /batch mixed tasks,200,876
1779032356740,Load Users 1-62,GET /work random mode,200,217
1779032356423,Load Users 1-61,POST /batch mixed tasks,200,534
1779032356559,Load Users 1-56,GET /work random mode,200,400
1779032356601,Load Users 1-24,GET /work random mode,200,361
1779032356612,Load Users 1-35,POST /batch mixed tasks,200,370
1779032356874,Load Users 1-31,POST /batch mixed tasks,200,111
1779032356506,Load Users 1-92,POST /batch mixed tasks,200,482
1779032356958,Load Users 1-86,GET /work random mode,200,31
1779032356525,Load Users 1-75,POST /batch mixed tasks,200,470
1779032356599,Load Users 1-63,GET /work random mode,200,410
1779032356938,Load Users 1-52,GET /work random mode,200,71
1779032356988,Load Users 1-43,GET /work random mode,200,21
1779032356713,Load Users 1-44,POST /batch mixed tasks,200,300
1779032356826,Load Users 1-12,GET /work random mode,200,187
1779032356952,Load Users 1-6,POST /batch mixed tasks,200,62
1779032356699,Load Users 1-21,POST /batch mixed tasks,200,316
1779032356401,Load Users 1-66,POST /batch mixed tasks,200,616
1779032356350,Load Users 1-73,GET /work random mode,200,668
1779032356763,Load Users 1-100,GET /work random mode,200,258
1779032356074,Load Users 1-99,GET /work random mode,200,957
1779032356740,Load Users 1-32,GET /work random mode,200,294
1779032356539,Load Users 1-17,POST /batch mixed tasks,200,507
1779032356741,Load Users 1-88,POST /batch mixed tasks,200,313
1779032356740,Load Users 1-72,POST /batch mixed tasks,200,315
1779032356799,Load Users 1-4,GET /work random mode,200,260
1779032356683,Load Users 1-10,POST /batch mixed tasks,200,377
1779032357021,Load Users 1-46,GET /work random mode,200,40
1779032357038,Load Users 1-60,GET /work random mode,200,23
1779032356848,Load Users 1-83,GET /work random mode,200,215
1779032356911,Load Users 1-85,GET /work random mode,200,153
1779032356473,Load Users 1-94,POST /batch mixed tasks,200,592
1779032356662,Load Users 1-15,POST /batch mixed tasks,200,406
1779032356847,Load Users 1-22,POST /batch mixed tasks,200,223
1779032356630,Load Users 1-39,GET /work random mode,200,445
1779032356925,Load Users 1-64,POST /batch mixed tasks,200,155
1779032356887,Load Users 1-33,POST /batch mixed tasks,200,194
1779032356943,Load Users 1-42,GET /work random mode,200,151
1779032357067,Load Users 1-75,GET /work random mode,200,34
1779032356904,Load Users 1-68,POST /batch mixed tasks,200,200
1779032356740,Load Users 1-26,POST /batch mixed tasks,200,374
1779032356952,Load Users 1-58,GET /work random mode,200,163
1779032356530,Load Users 1-96,GET /work random mode,200,586
1779032357063,Load Users 1-99,GET /work random mode,200,56
1779032356850,Load Users 1-55,GET /work random mode,200,270
1779032356223,Load Users 1-84,POST /batch mixed tasks,200,903
1779032356653,Load Users 1-81,POST /batch mixed tasks,200,473
1779032356958,Load Users 1-57,GET /work random mode,200,178
1779032356277,Load Users 1-23,POST /batch mixed tasks,200,862
1779032356837,Load Users 1-97,POST /batch mixed tasks,200,307
1779032356841,Load Users 1-74,GET /work random mode,200,309
1779032356598,Load Users 1-29,POST /batch mixed tasks,200,553
1779032356077,Load Users 1-40,GET /work random mode,200,1080
1779032356753,Load Users 1-27,POST /batch mixed tasks,200,410
1779032357028,Load Users 1-78,POST /batch mixed tasks,200,140
1779032357022,Load Users 1-89,GET /work random mode,200,151
1779032357128,Load Users 1-35,GET /work random mode,200,47
1779032356925,Load Users 1-7,POST /batch mixed tasks,200,256
1779032356740,Load Users 1-76,GET /work random mode,200,445
1779032356342,Load Users 1-51,POST /batch mixed tasks,200,846
1779032356041,Load Users 1-98,POST /batch mixed tasks,200,1149
1779032356976,Load Users 1-82,GET /work random mode,200,216
1779032356852,Load Users 1-41,GET /work random mode,200,342
1779032356520,Load Users 1-28,POST /batch mixed tasks,200,675
1779032357110,Load Users 1-92,GET /work random mode,200,86
1779032356462,Load Users 1-18,GET /work random mode,200,735
1779032356983,Load Users 1-45,GET /work random mode,200,214
1779032356298,Load Users 1-65,POST /batch mixed tasks,200,903
1779032356716,Load Users 1-37,GET /work random mode,200,487
1779032357067,Load Users 1-59,GET /work random mode,200,137
1779032357093,Load Users 1-21,GET /work random mode,200,121
1779032357184,Load Users 1-84,GET /work random mode,200,40
1779032357049,Load Users 1-49,POST /batch mixed tasks,200,185
1779032357045,Load Users 1-38,POST /batch mixed tasks,200,190
1779032356916,Load Users 1-50,POST /batch mixed tasks,200,327
1779032356748,Load Users 1-93,POST /batch mixed tasks,200,508
1779032357257,Load Users 1-97,GET /work random mode,200,2
1779032356841,Load Users 1-53,GET /work random mode,200,424
1779032356990,Load Users 1-20,POST /batch mixed tasks,200,280
1779032357128,Load Users 1-42,GET /work random mode,200,143
1779032357104,Load Users 1-10,GET /work random mode,200,175
1779032356526,Load Users 1-13,GET /work random mode,200,756
1779032357052,Load Users 1-69,GET /work random mode,200,232
1779032357237,Load Users 1-78,GET /work random mode,200,48
1779032357064,Load Users 1-61,POST /batch mixed tasks,200,224
1779032357125,Load Users 1-32,GET /work random mode,200,166
1779032357073,Load Users 1-52,POST /batch mixed tasks,200,220
1779032357081,Load Users 1-44,GET /work random mode,200,227
1779032356307,Load Users 1-11,POST /batch mixed tasks,200,1022
1779032357105,Load Users 1-72,POST /batch mixed tasks,200,234
1779032357214,Load Users 1-35,GET /work random mode,200,138
1779032357273,Load Users 1-18,GET /work random mode,200,79
1779032357178,Load Users 1-33,GET /work random mode,200,175
1779032357078,Load Users 1-73,POST /batch mixed tasks,200,287
1779032356908,Load Users 1-71,POST /batch mixed tasks,200,459
1779032356721,Load Users 1-47,POST /batch mixed tasks,200,651
1779032356764,Load Users 1-16,POST /batch mixed tasks,200,619
1779032357302,Load Users 1-98,POST /batch mixed tasks,200,81
1779032357317,Load Users 1-37,GET /work random mode,200,67
1779032357094,Load Users 1-6,GET /work random mode,200,293
1779032357082,Load Users 1-56,POST /batch mixed tasks,200,308
1779032356748,Load Users 1-80,GET /work random mode,200,647
1779032356887,Load Users 1-1,GET /work random mode,200,512
1779032357087,Load Users 1-63,POST /batch mixed tasks,200,314
1779032357382,Load Users 1-97,GET /work random mode,200,19
1779032357071,Load Users 1-66,POST /batch mixed tasks,200,332
1779032356752,Load Users 1-19,GET /work random mode,200,653
1779032356658,Load Users 1-91,POST /batch mixed tasks,200,749
1779032356487,Load Users 1-48,GET /work random mode,200,922
1779032356533,Load Users 1-34,POST /batch mixed tasks,200,876
1779032357033,Load Users 1-70,POST /batch mixed tasks,200,381
1779032356941,Load Users 1-25,POST /batch mixed tasks,200,478
1779032357199,Load Users 1-39,GET /work random mode,200,225
1779032357268,Load Users 1-27,GET /work random mode,200,158
1779032356655,Load Users 1-14,GET /work random mode,200,773
1779032357204,Load Users 1-26,POST /batch mixed tasks,200,232
1779032357175,Load Users 1-23,POST /batch mixed tasks,200,262
1779032357099,Load Users 1-88,POST /batch mixed tasks,200,342
1779032357039,Load Users 1-24,POST /batch mixed tasks,200,414
1779032357453,Load Users 1-98,GET /work random mode,200,3
1779032357265,Load Users 1-7,GET /work random mode,200,193
1779032356630,Load Users 1-8,POST /batch mixed tasks,200,831
1779032357392,Load Users 1-20,GET /work random mode,200,69
1779032357220,Load Users 1-40,GET /work random mode,200,242
1779032357436,Load Users 1-61,GET /work random mode,200,33
1779032357415,Load Users 1-52,GET /work random mode,200,58
1779032357333,Load Users 1-38,POST /batch mixed tasks,200,142
1779032357456,Load Users 1-11,GET /work random mode,200,25
1779032356481,Load Users 1-9,POST /batch mixed tasks,200,1003
1779032357224,Load Users 1-57,GET /work random mode,200,263
1779032356454,Load Users 1-95,POST /batch mixed tasks,200,1038
1779032357440,Load Users 1-97,GET /work random mode,200,53
1779032356698,Load Users 1-87,POST /batch mixed tasks,200,799
1779032357311,Load Users 1-41,POST /batch mixed tasks,200,195
1779032357314,Load Users 1-10,GET /work random mode,200,199
1779032357485,Load Users 1-70,GET /work random mode,200,31
1779032357180,Load Users 1-15,GET /work random mode,200,341
1779032357121,Load Users 1-46,GET /work random mode,200,401
1779032357068,Load Users 1-3,POST /batch mixed tasks,200,461
1779032357301,Load Users 1-65,GET /work random mode,200,232
1779032357516,Load Users 1-16,GET /work random mode,200,18
1779032357221,Load Users 1-81,GET /work random mode,200,316
1779032356740,Load Users 1-67,POST /batch mixed tasks,200,797
1779032357103,Load Users 1-100,POST /batch mixed tasks,200,438
1779032357308,Load Users 1-59,POST /batch mixed tasks,200,233
1779032357301,Load Users 1-51,GET /work random mode,200,245
1779032357014,Load Users 1-30,POST /batch mixed tasks,200,533
1779032357317,Load Users 1-42,POST /batch mixed tasks,200,235
1779032357310,Load Users 1-21,POST /batch mixed tasks,200,249
1779032357411,Load Users 1-33,GET /work random mode,200,149
1779032356401,Load Users 1-77,POST /batch mixed tasks,200,1165
1779032357038,Load Users 1-79,GET /work random mode,200,534
1779032357300,Load Users 1-53,POST /batch mixed tasks,200,273
1779032357291,Load Users 1-92,POST /batch mixed tasks,200,287
1779032356428,Load Users 1-36,POST /batch mixed tasks,200,1151
1779032357572,Load Users 1-46,GET /work random mode,200,7
1779032357195,Load Users 1-22,POST /batch mixed tasks,200,385
1779032357256,Load Users 1-29,POST /batch mixed tasks,200,324
1779032357118,Load Users 1-12,GET /work random mode,200,464
1779032357353,Load Users 1-93,GET /work random mode,200,231
1779032357562,Load Users 1-97,GET /work random mode,200,23
1779032357138,Load Users 1-83,POST /batch mixed tasks,200,455
1779032357348,Load Users 1-78,POST /batch mixed tasks,200,245
1779032357507,Load Users 1-56,POST /batch mixed tasks,200,90
1779032357588,Load Users 1-8,GET /work random mode,200,15
1779032357426,Load Users 1-18,GET /work random mode,200,177
1779032357590,Load Users 1-65,GET /work random mode,200,20
1779032357280,Load Users 1-74,GET /work random mode,200,331
1779032357224,Load Users 1-68,POST /batch mixed tasks,200,415
1779032357627,Load Users 1-92,GET /work random mode,200,14
1779032357625,Load Users 1-10,GET /work random mode,200,20
1779032357220,Load Users 1-89,POST /batch mixed tasks,200,429
1779032357360,Load Users 1-84,GET /work random mode,200,289
1779032357283,Load Users 1-45,POST /batch mixed tasks,200,367
1779032357628,Load Users 1-79,GET /work random mode,200,30
1779032357312,Load Users 1-82,POST /batch mixed tasks,200,349
1779032357659,Load Users 1-100,GET /work random mode,200,3
1779032356997,Load Users 1-54,POST /batch mixed tasks,200,665
1779032357257,Load Users 1-99,GET /work random mode,200,407
1779032357198,Load Users 1-96,POST /batch mixed tasks,200,467
1779032357647,Load Users 1-42,GET /work random mode,200,21
1779032357372,Load Users 1-49,POST /batch mixed tasks,200,299
1779032357414,Load Users 1-69,POST /batch mixed tasks,200,258
1779032357582,Load Users 1-16,GET /work random mode,200,95
1779032357489,Load Users 1-66,GET /work random mode,200,199
1779032357622,Load Users 1-46,GET /work random mode,200,67
1779032357538,Load Users 1-1,POST /batch mixed tasks,200,167
1779032357675,Load Users 1-51,GET /work random mode,200,35
1779032357638,Load Users 1-22,GET /work random mode,200,76
1779032357538,Load Users 1-40,GET /work random mode,200,187
1779032357048,Load Users 1-90,POST /batch mixed tasks,200,678
1779032357597,Load Users 1-70,POST /batch mixed tasks,200,130
1779032357675,Load Users 1-67,GET /work random mode,200,58
1779032357549,Load Users 1-7,POST /batch mixed tasks,200,186
1779032357680,Load Users 1-33,GET /work random mode,200,65
1779032357429,Load Users 1-13,POST /batch mixed tasks,200,329
1779032357721,Load Users 1-12,GET /work random mode,200,49
1779032357727,Load Users 1-79,GET /work random mode,200,54
1779032357328,Load Users 1-50,POST /batch mixed tasks,200,463
1779032357453,Load Users 1-91,POST /batch mixed tasks,200,342
1779032357551,Load Users 1-11,POST /batch mixed tasks,200,244
1779032357782,Load Users 1-99,GET /work random mode,200,25
1779032357548,Load Users 1-23,GET /work random mode,200,261
1779032357711,Load Users 1-93,POST /batch mixed tasks,200,99
1779032357532,Load Users 1-24,POST /batch mixed tasks,200,279
1779032357156,Load Users 1-17,POST /batch mixed tasks,200,656
1779032357494,Load Users 1-39,GET /work random mode,200,322
1779032357073,Load Users 1-31,GET /work random mode,200,744
1779032357185,Load Users 1-94,POST /batch mixed tasks,200,635
1779032357791,Load Users 1-96,GET /work random mode,200,32
1779032357819,Load Users 1-70,GET /work random mode,200,4
1779032357780,Load Users 1-54,GET /work random mode,200,45
1779032357050,Load Users 1-86,POST /batch mixed tasks,200,784
1779032357510,Load Users 1-6,POST /batch mixed tasks,200,336
1779032357261,Load Users 1-76,POST /batch mixed tasks,200,587
1779032357419,Load Users 1-32,POST /batch mixed tasks,200,450
1779032357761,Load Users 1-74,GET /work random mode,200,112
1779032357681,Load Users 1-21,GET /work random mode,200,198
1779032357491,Load Users 1-26,POST /batch mixed tasks,200,391
1779032357855,Load Users 1-50,GET /work random mode,200,30
1779032357500,Load Users 1-71,POST /batch mixed tasks,200,385
1779032357052,Load Users 1-62,GET /work random mode,200,835
1779032357475,Load Users 1-72,POST /batch mixed tasks,200,412
1779032357124,Load Users 1-43,POST /batch mixed tasks,200,766
1779032357542,Load Users 1-57,POST /batch mixed tasks,200,351
1779032357654,Load Users 1-59,POST /batch mixed tasks,200,245
1779032357440,Load Users 1-80,POST /batch mixed tasks,200,465
1779032357543,Load Users 1-98,POST /batch mixed tasks,200,365
1779032357598,Load Users 1-3,POST /batch mixed tasks,200,319
1779032357600,Load Users 1-20,POST /batch mixed tasks,200,337
1779032357516,Load Users 1-88,GET /work random mode,200,421
1779032357161,Load Users 1-60,GET /work random mode,200,776
1779032357866,Load Users 1-23,GET /work random mode,200,71
1779032357597,Load Users 1-87,POST /batch mixed tasks,200,341
1779032357578,Load Users 1-41,POST /batch mixed tasks,200,359
1779032357707,Load Users 1-45,POST /batch mixed tasks,200,231
1779032357747,Load Users 1-56,POST /batch mixed tasks,200,192
1779032357752,Load Users 1-69,POST /batch mixed tasks,200,187
1779032357845,Load Users 1-11,GET /work random mode,200,95
1779032357575,Load Users 1-27,POST /batch mixed tasks,200,366
1779032357494,Load Users 1-34,POST /batch mixed tasks,200,449
1779032357071,Load Users 1-2,GET /work random mode,200,876
1779032357191,Load Users 1-55,POST /batch mixed tasks,200,758
1779032357785,Load Users 1-1,GET /work random mode,200,170
1779032357647,Load Users 1-36,GET /work random mode,200,313
1779032357608,Load Users 1-9,GET /work random mode,200,354
1779032356830,Load Users 1-5,POST /batch mixed tasks,200,1136
1779032357244,Load Users 1-28,GET /work random mode,200,731
1779032357663,Load Users 1-77,POST /batch mixed tasks,200,314
1779032357371,Load Users 1-44,POST /batch mixed tasks,200,608
1779032357794,Load Users 1-22,POST /batch mixed tasks,200,198
1779032357769,Load Users 1-67,POST /batch mixed tasks,200,230
1779032357222,Load Users 1-75,POST /batch mixed tasks,200,778
1779032357512,Load Users 1-52,POST /batch mixed tasks,200,488
1779032357714,Load Users 1-8,GET /work random mode,200,290
1779032357139,Load Users 1-64,GET /work random mode,200,879
1779032357466,Load Users 1-63,POST /batch mixed tasks,200,556
1779032357761,Load Users 1-89,POST /batch mixed tasks,200,264
1779032357896,Load Users 1-86,POST /batch mixed tasks,200,133
1779032357674,Load Users 1-81,POST /batch mixed tasks,200,355
1779032358028,Load Users 1-69,GET /work random mode,200,5
1779032357836,Load Users 1-40,POST /batch mixed tasks,200,199
1779032357900,Load Users 1-70,GET /work random mode,200,141
1779032357978,Load Users 1-27,POST /batch mixed tasks,200,65
1779032358013,Load Users 1-77,GET /work random mode,200,33
1779032357745,Load Users 1-100,POST /batch mixed tasks,200,304
1779032357778,Load Users 1-68,POST /batch mixed tasks,200,272
1779032357912,Load Users 1-32,GET /work random mode,200,142
1779032357891,Load Users 1-96,POST /batch mixed tasks,200,166
1779032357207,Load Users 1-4,GET /work random mode,200,852
1779032357667,Load Users 1-15,GET /work random mode,200,397
1779032358046,Load Users 1-5,GET /work random mode,200,39
1779032357672,Load Users 1-30,POST /batch mixed tasks,200,420
1779032357964,Load Users 1-54,GET /work random mode,200,132
1779032358092,Load Users 1-75,GET /work random mode,200,15
1779032357635,Load Users 1-53,POST /batch mixed tasks,200,473
1779032357938,Load Users 1-91,POST /batch mixed tasks,200,176
1779032357201,Load Users 1-58,GET /work random mode,200,916
1779032357793,Load Users 1-10,POST /batch mixed tasks,200,325
1779032357714,Load Users 1-92,POST /batch mixed tasks,200,412
1779032358036,Load Users 1-11,POST /batch mixed tasks,200,95
1779032358087,Load Users 1-1,GET /work random mode,200,44
1779032357783,Load Users 1-46,POST /batch mixed tasks,200,354
1779032357534,Load Users 1-19,GET /work random mode,200,608
1779032357996,Load Users 1-56,GET /work random mode,200,153
1779032358029,Load Users 1-80,GET /work random mode,200,124
1779032357767,Load Users 1-7,POST /batch mixed tasks,200,399
1779032357806,Load Users 1-12,POST /batch mixed tasks,200,361
1779032357515,Load Users 1-61,GET /work random mode,200,652
1779032357981,Load Users 1-88,GET /work random mode,200,187
1779032357694,Load Users 1-83,GET /work random mode,200,475
1779032357548,Load Users 1-14,POST /batch mixed tasks,200,627
1779032358150,Load Users 1-8,GET /work random mode,200,35
1779032357975,Load Users 1-26,POST /batch mixed tasks,200,211
1779032357850,Load Users 1-24,POST /batch mixed tasks,200,337
1779032358015,Load Users 1-45,GET /work random mode,200,173
1779032358053,Load Users 1-36,GET /work random mode,200,135
1779032358180,Load Users 1-70,GET /work random mode,200,17
1779032357937,Load Users 1-93,GET /work random mode,200,272
1779032357609,Load Users 1-95,POST /batch mixed tasks,200,601
1779032358056,Load Users 1-87,GET /work random mode,200,156
1779032358131,Load Users 1-5,GET /work random mode,200,91
1779032358134,Load Users 1-89,POST /batch mixed tasks,200,90
1779032358041,Load Users 1-55,GET /work random mode,200,184
1779032357949,Load Users 1-6,POST /batch mixed tasks,200,277
1779032357499,Load Users 1-37,POST /batch mixed tasks,200,733
1779032358198,Load Users 1-92,GET /work random mode,200,34
1779032358223,Load Users 1-56,GET /work random mode,200,9
1779032357914,Load Users 1-99,POST /batch mixed tasks,200,320
1779032357466,Load Users 1-73,POST /batch mixed tasks,200,777
1779032357883,Load Users 1-31,POST /batch mixed tasks,200,363
1779032358031,Load Users 1-23,GET /work random mode,200,217
1779032358027,Load Users 1-20,GET /work random mode,200,227
1779032357744,Load Users 1-42,POST /batch mixed tasks,200,511
1779032357911,Load Users 1-17,GET /work random mode,200,348
1779032357437,Load Users 1-35,POST /batch mixed tasks,200,825
1779032357636,Load Users 1-29,POST /batch mixed tasks,200,627
1779032357663,Load Users 1-78,POST /batch mixed tasks,200,616
1779032358226,Load Users 1-36,GET /work random mode,200,59
1779032357112,Load Users 1-85,GET /work random mode,200,1173
1779032358213,Load Users 1-80,POST /batch mixed tasks,200,73
1779032358086,Load Users 1-2,POST /batch mixed tasks,200,211
1779032357496,Load Users 1-25,POST /batch mixed tasks,200,803
1779032358164,Load Users 1-91,GET /work random mode,200,138
1779032358239,Load Users 1-26,GET /work random mode,200,66
1779032358025,Load Users 1-43,POST /batch mixed tasks,200,282
1779032358012,Load Users 1-71,POST /batch mixed tasks,200,296
1779032357994,Load Users 1-76,POST /batch mixed tasks,200,315
1779032358107,Load Users 1-40,GET /work random mode,200,205
1779032358009,Load Users 1-62,POST /batch mixed tasks,200,318
1779032357730,Load Users 1-84,POST /batch mixed tasks,200,606
1779032358251,Load Users 1-11,POST /batch mixed tasks,200,92
1779032358313,Load Users 1-83,GET /work random mode,200,31
1779032357996,Load Users 1-74,POST /batch mixed tasks,200,355
1779032358258,Load Users 1-87,GET /work random mode,200,96
1779032357804,Load Users 1-66,GET /work random mode,200,555
1779032358164,Load Users 1-69,GET /work random mode,200,197
1779032358203,Load Users 1-12,POST /batch mixed tasks,200,165
1779032357647,Load Users 1-65,GET /work random mode,200,727
1779032358375,Load Users 1-31,GET /work random mode,200,5
1779032358227,Load Users 1-70,POST /batch mixed tasks,200,157
1779032357892,Load Users 1-39,POST /batch mixed tasks,200,499
1779032357836,Load Users 1-13,POST /batch mixed tasks,200,562
1779032357790,Load Users 1-90,POST /batch mixed tasks,200,608
1779032358172,Load Users 1-81,POST /batch mixed tasks,200,228
1779032357711,Load Users 1-16,GET /work random mode,200,690
1779032357937,Load Users 1-50,POST /batch mixed tasks,200,465
1779032357980,Load Users 1-72,GET /work random mode,200,422
1779032358377,Load Users 1-85,GET /work random mode,200,26
1779032358312,Load Users 1-88,GET /work random mode,200,94
1779032358174,Load Users 1-32,POST /batch mixed tasks,200,243
1779032358172,Load Users 1-86,POST /batch mixed tasks,200,246
1779032358110,Load Users 1-15,POST /batch mixed tasks,200,309
1779032358221,Load Users 1-53,POST /batch mixed tasks,200,207
1779032358354,Load Users 1-43,GET /work random mode,200,75
1779032358112,Load Users 1-96,GET /work random mode,200,317
1779032358315,Load Users 1-20,GET /work random mode,200,115
1779032358099,Load Users 1-27,POST /batch mixed tasks,200,332
1779032358376,Load Users 1-11,GET /work random mode,200,55
1779032358077,Load Users 1-60,POST /batch mixed tasks,200,357
1779032358080,Load Users 1-44,POST /batch mixed tasks,200,359
1779032358027,Load Users 1-41,POST /batch mixed tasks,200,414
1779032357891,Load Users 1-94,POST /batch mixed tasks,200,558
1779032357729,Load Users 1-18,POST /batch mixed tasks,200,721
1779032358316,Load Users 1-23,GET /work random mode,200,135
1779032358417,Load Users 1-84,GET /work random mode,200,35
1779032358416,Load Users 1-25,GET /work random mode,200,38
1779032358356,Load Users 1-92,GET /work random mode,200,98
1779032358360,Load Users 1-73,GET /work random mode,200,102
1779032358121,Load Users 1-67,GET /work random mode,200,342
1779032358439,Load Users 1-31,GET /work random mode,200,24
1779032358197,Load Users 1-19,POST /batch mixed tasks,200,269
1779032357455,Load Users 1-48,POST /batch mixed tasks,200,1014
1779032358099,Load Users 1-64,GET /work random mode,200,383
1779032358413,Load Users 1-78,GET /work random mode,200,71
1779032357521,Load Users 1-38,POST /batch mixed tasks,200,968
1779032358066,Load Users 1-28,POST /batch mixed tasks,200,433
1779032357973,Load Users 1-57,GET /work random mode,200,527
1779032357456,Load Users 1-47,POST /batch mixed tasks,200,1044
1779032358504,Load Users 1-16,GET /work random mode,200,2
1779032358209,Load Users 1-30,POST /batch mixed tasks,200,309
1779032358361,Load Users 1-42,POST /batch mixed tasks,200,176
1779032358236,Load Users 1-7,GET /work random mode,200,303
1779032358541,Load Users 1-92,GET /work random mode,200,2
1779032358023,Load Users 1-98,POST /batch mixed tasks,200,526
1779032358289,Load Users 1-45,POST /batch mixed tasks,200,261
1779032358064,Load Users 1-3,GET /work random mode,200,490
1779032358178,Load Users 1-10,POST /batch mixed tasks,200,378
1779032358243,Load Users 1-46,POST /batch mixed tasks,200,320
1779032358489,Load Users 1-11,GET /work random mode,200,74
1779032357728,Load Users 1-49,POST /batch mixed tasks,200,836
1779032358439,Load Users 1-87,GET /work random mode,200,131
1779032358546,Load Users 1-88,GET /work random mode,200,27
1779032358380,Load Users 1-26,GET /work random mode,200,208
1779032357937,Load Users 1-21,POST /batch mixed tasks,200,651
1779032358113,Load Users 1-63,POST /batch mixed tasks,200,476
1779032358437,Load Users 1-39,GET /work random mode,200,153
1779032358523,Load Users 1-38,GET /work random mode,200,68
1779032358070,Load Users 1-9,GET /work random mode,200,526
1779032357783,Load Users 1-82,POST /batch mixed tasks,200,836
1779032358378,Load Users 1-29,POST /batch mixed tasks,200,244
1779032358029,Load Users 1-59,POST /batch mixed tasks,200,594
1779032358512,Load Users 1-13,GET /work random mode,200,121
1779032358600,Load Users 1-10,GET /work random mode,200,34
1779032358356,Load Users 1-56,POST /batch mixed tasks,200,278
1779032357828,Load Users 1-79,POST /batch mixed tasks,200,811
1779032358303,Load Users 1-8,GET /work random mode,200,338
1779032358484,Load Users 1-25,GET /work random mode,200,162
1779032358619,Load Users 1-11,GET /work random mode,200,30
1779032358574,Load Users 1-73,GET /work random mode,200,78
1779032358437,Load Users 1-65,POST /batch mixed tasks,200,221
1779032358633,Load Users 1-38,GET /work random mode,200,29
1779032358596,Load Users 1-46,GET /work random mode,200,73
1779032358296,Load Users 1-93,POST /batch mixed tasks,200,374
1779032358280,Load Users 1-24,POST /batch mixed tasks,200,397
1779032358447,Load Users 1-74,POST /batch mixed tasks,200,232
1779032358588,Load Users 1-30,GET /work random mode,200,94
1779032358349,Load Users 1-35,POST /batch mixed tasks,200,344
1779032358163,Load Users 1-1,GET /work random mode,200,533
1779032358675,Load Users 1-56,GET /work random mode,200,22
1779032358593,Load Users 1-28,GET /work random mode,200,108
1779032358531,Load Users 1-47,GET /work random mode,200,171
1779032358124,Load Users 1-77,GET /work random mode,200,579
1779032358540,Load Users 1-86,GET /work random mode,200,171
1779032358279,Load Users 1-37,POST /batch mixed tasks,200,438
1779032357809,Load Users 1-33,POST /batch mixed tasks,200,908
1779032358643,Load Users 1-3,GET /work random mode,200,78
1779032358476,Load Users 1-81,POST /batch mixed tasks,200,252
1779032358191,Load Users 1-68,GET /work random mode,200,537
1779032358712,Load Users 1-65,GET /work random mode,200,22
1779032358537,Load Users 1-31,GET /work random mode,200,204
1779032358109,Load Users 1-4,POST /batch mixed tasks,200,634
1779032358717,Load Users 1-38,GET /work random mode,200,26
1779032358310,Load Users 1-95,POST /batch mixed tasks,200,435
1779032358548,Load Users 1-27,POST /batch mixed tasks,200,205
1779032358749,Load Users 1-56,GET /work random mode,200,7
1779032358466,Load Users 1-69,POST /batch mixed tasks,200,295
1779032358548,Load Users 1-78,POST /batch mixed tasks,200,213
1779032358327,Load Users 1-55,GET /work random mode,200,442
1779032358067,Load Users 1-34,GET /work random mode,200,702
1779032358489,Load Users 1-72,GET /work random mode,200,280
1779032358228,Load Users 1-54,GET /work random mode,200,542
1779032358624,Load Users 1-64,POST /batch mixed tasks,200,146
1779032358666,Load Users 1-29,POST /batch mixed tasks,200,105
1779032357839,Load Users 1-51,POST /batch mixed tasks,200,932
1779032358463,Load Users 1-50,GET /work random mode,200,310
1779032358696,Load Users 1-59,POST /batch mixed tasks,200,80
1779032358585,Load Users 1-18,GET /work random mode,200,194
1779032358109,Load Users 1-22,GET /work random mode,200,672
1779032358386,Load Users 1-71,GET /work random mode,200,398
1779032358701,Load Users 1-26,GET /work random mode,200,84
1779032358460,Load Users 1-20,GET /work random mode,200,327
1779032358474,Load Users 1-66,GET /work random mode,200,316
1779032358578,Load Users 1-84,POST /batch mixed tasks,200,227
1779032358797,Load Users 1-46,GET /work random mode,200,9
1779032358802,Load Users 1-27,GET /work random mode,200,7
1779032358793,Load Users 1-3,GET /work random mode,200,17
1779032358795,Load Users 1-74,GET /work random mode,200,21
1779032358550,Load Users 1-96,POST /batch mixed tasks,200,267
1779032358589,Load Users 1-48,GET /work random mode,200,230
1779032358358,Load Users 1-17,GET /work random mode,200,465
1779032358562,Load Users 1-23,GET /work random mode,200,262
1779032358651,Load Users 1-16,GET /work random mode,200,178
1779032358432,Load Users 1-40,GET /work random mode,200,408
1779032358165,Load Users 1-100,POST /batch mixed tasks,200,679
1779032358493,Load Users 1-60,POST /batch mixed tasks,200,352
1779032358608,Load Users 1-92,POST /batch mixed tasks,200,243
1779032358839,Load Users 1-38,GET /work random mode,200,12
1779032358640,Load Users 1-42,GET /work random mode,200,211
1779032358837,Load Users 1-68,GET /work random mode,200,31
1779032358716,Load Users 1-87,GET /work random mode,200,153
1779032358861,Load Users 1-54,GET /work random mode,200,10
1779032358251,Load Users 1-75,GET /work random mode,200,621
1779032358500,Load Users 1-53,POST /batch mixed tasks,200,378
1779032358877,Load Users 1-78,GET /work random mode,200,3
1779032358774,Load Users 1-30,GET /work random mode,200,117
1779032358317,Load Users 1-14,POST /batch mixed tasks,200,578
1779032358386,Load Users 1-91,POST /batch mixed tasks,200,515
1779032358237,Load Users 1-58,POST /batch mixed tasks,200,666
1779032358898,Load Users 1-55,GET /work random mode,200,8
1779032358375,Load Users 1-99,POST /batch mixed tasks,200,533
1779032358774,Load Users 1-35,POST /batch mixed tasks,200,137
1779032358812,Load Users 1-64,POST /batch mixed tasks,200,100
1779032358887,Load Users 1-42,GET /work random mode,200,25
1779032358508,Load Users 1-70,POST /batch mixed tasks,200,405
1779032358343,Load Users 1-5,GET /work random mode,200,570
1779032358604,Load Users 1-88,GET /work random mode,200,311
1779032358850,Load Users 1-48,GET /work random mode,200,67
1779032358919,Load Users 1-71,GET /work random mode,200,4
1779032358860,Load Users 1-66,GET /work random mode,200,64
1779032358794,Load Users 1-28,GET /work random mode,200,135
1779032358923,Load Users 1-38,GET /work random mode,200,8
1779032357639,Load Users 1-97,POST /batch mixed tasks,200,1296
1779032358597,Load Users 1-98,POST /batch mixed tasks,200,340
1779032358865,Load Users 1-37,GET /work random mode,200,73
1779032358903,Load Users 1-69,GET /work random mode,200,36
1779032358932,Load Users 1-74,GET /work random mode,200,7
1779032358706,Load Users 1-9,POST /batch mixed tasks,200,233
1779032358325,Load Users 1-36,POST /batch mixed tasks,200,615
1779032358908,Load Users 1-50,GET /work random mode,200,38
1779032358736,Load Users 1-24,GET /work random mode,200,217
1779032358934,Load Users 1-60,GET /work random mode,200,20
1779032358249,Load Users 1-61,GET /work random mode,200,707
1779032358557,Load Users 1-43,POST /batch mixed tasks,200,399
1779032358749,Load Users 1-11,GET /work random mode,200,210
1779032358326,Load Users 1-6,POST /batch mixed tasks,200,634
1779032358893,Load Users 1-56,POST /batch mixed tasks,200,67
1779032358957,Load Users 1-23,GET /work random mode,200,3
1779032358832,Load Users 1-81,POST /batch mixed tasks,200,131
1779032358892,Load Users 1-51,GET /work random mode,200,71
1779032358562,Load Users 1-94,POST /batch mixed tasks,200,424
1779032358780,Load Users 1-13,POST /batch mixed tasks,200,210
1779032358798,Load Users 1-93,POST /batch mixed tasks,200,199
1779032358438,Load Users 1-2,POST /batch mixed tasks,200,566
1779032358956,Load Users 1-66,GET /work random mode,200,50
1779032358653,Load Users 1-7,POST /batch mixed tasks,200,356
1779032358708,Load Users 1-49,POST /batch mixed tasks,200,306
1779032359001,Load Users 1-91,GET /work random mode,200,20
1779032358989,Load Users 1-35,GET /work random mode,200,35
1779032358745,Load Users 1-1,GET /work random mode,200,289
1779032358985,Load Users 1-58,GET /work random mode,200,52
1779032359015,Load Users 1-36,GET /work random mode,200,27
1779032358927,Load Users 1-68,POST /batch mixed tasks,200,116
1779032359037,Load Users 1-99,GET /work random mode,200,9
1779032359002,Load Users 1-98,GET /work random mode,200,50
1779032358788,Load Users 1-8,POST /batch mixed tasks,200,268
1779032358711,Load Users 1-63,POST /batch mixed tasks,200,345
1779032358504,Load Users 1-85,GET /work random mode,200,555
1779032359052,Load Users 1-37,GET /work random mode,200,12
1779032358836,Load Users 1-29,POST /batch mixed tasks,200,231
1779032358629,Load Users 1-45,POST /batch mixed tasks,200,443
1779032358862,Load Users 1-46,GET /work random mode,200,211
1779032358874,Load Users 1-84,POST /batch mixed tasks,200,201
1779032358702,Load Users 1-82,POST /batch mixed tasks,200,374
1779032359061,Load Users 1-6,GET /work random mode,200,20
1779032359046,Load Users 1-61,GET /work random mode,200,36
1779032358947,Load Users 1-70,GET /work random mode,200,137
1779032359050,Load Users 1-38,GET /work random mode,200,35
1779032358945,Load Users 1-30,POST /batch mixed tasks,200,145
1779032359045,Load Users 1-64,GET /work random mode,200,51
1779032359108,Load Users 1-13,GET /work random mode,200,3
1779032359112,Load Users 1-51,GET /work random mode,200,2
1779032358830,Load Users 1-59,GET /work random mode,200,285
1779032359021,Load Users 1-60,GET /work random mode,200,100
1779032358965,Load Users 1-78,POST /batch mixed tasks,200,158
1779032358848,Load Users 1-95,GET /work random mode,200,276
1779032358944,Load Users 1-14,POST /batch mixed tasks,200,188
1779032358962,Load Users 1-53,POST /batch mixed tasks,200,170
1779032359018,Load Users 1-75,GET /work random mode,200,116
1779032358361,Load Users 1-76,POST /batch mixed tasks,200,774
1779032359118,Load Users 1-58,GET /work random mode,200,20
1779032358457,Load Users 1-83,GET /work random mode,200,681
1779032358677,Load Users 1-21,POST /batch mixed tasks,200,463
1779032358837,Load Users 1-34,POST /batch mixed tasks,200,310
1779032358976,Load Users 1-87,GET /work random mode,200,172
1779032358425,Load Users 1-12,GET /work random mode,200,727
1779032358845,Load Users 1-72,GET /work random mode,200,307
1779032359077,Load Users 1-94,GET /work random mode,200,77
1779032358304,Load Users 1-89,POST /batch mixed tasks,200,850
1779032359034,Load Users 1-74,POST /batch mixed tasks,200,121
1779032358585,Load Users 1-57,POST /batch mixed tasks,200,573
1779032358844,Load Users 1-77,POST /batch mixed tasks,200,319
1779032359153,Load Users 1-36,GET /work random mode,200,10
1779032358926,Load Users 1-92,POST /batch mixed tasks,200,245
1779032358923,Load Users 1-3,GET /work random mode,200,253
1779032358486,Load Users 1-44,POST /batch mixed tasks,200,692
1779032359105,Load Users 1-43,GET /work random mode,200,87
1779032359178,Load Users 1-45,GET /work random mode,200,19
1779032359159,Load Users 1-95,GET /work random mode,200,47
1779032358983,Load Users 1-50,POST /batch mixed tasks,200,225
1779032358846,Load Users 1-31,POST /batch mixed tasks,200,366
1779032359114,Load Users 1-84,GET /work random mode,200,100
1779032359132,Load Users 1-98,GET /work random mode,200,83
1779032359168,Load Users 1-6,GET /work random mode,200,49
1779032359055,Load Users 1-48,POST /batch mixed tasks,200,172
1779032359225,Load Users 1-92,GET /work random mode,200,3
1779032358974,Load Users 1-42,POST /batch mixed tasks,200,255
1779032358996,Load Users 1-81,GET /work random mode,200,243
1779032359081,Load Users 1-7,GET /work random mode,200,165
1779032358926,Load Users 1-26,POST /batch mixed tasks,200,321
1779032358849,Load Users 1-33,POST /batch mixed tasks,200,399
1779032359131,Load Users 1-37,GET /work random mode,200,124
1779032359167,Load Users 1-64,POST /batch mixed tasks,200,88
1779032358995,Load Users 1-55,POST /batch mixed tasks,200,263
1779032359048,Load Users 1-71,GET /work random mode,200,211
1779032359173,Load Users 1-61,GET /work random mode,200,87
1779032358082,Load Users 1-52,POST /batch mixed tasks,200,1184
1779032358968,Load Users 1-16,POST /batch mixed tasks,200,304
1779032358428,Load Users 1-80,POST /batch mixed tasks,200,844
1779032359222,Load Users 1-82,POST /batch mixed tasks,200,60
1779032359251,Load Users 1-83,GET /work random mode,200,32
1779032359157,Load Users 1-35,POST /batch mixed tasks,200,135
1779032359139,Load Users 1-93,POST /batch mixed tasks,200,159
1779032359131,Load Users 1-49,GET /work random mode,200,168
1779032358926,Load Users 1-22,POST /batch mixed tasks,200,375
1779032358954,Load Users 1-100,GET /work random mode,200,347
1779032359106,Load Users 1-29,POST /batch mixed tasks,200,195
1779032359290,Load Users 1-37,GET /work random mode,200,15
1779032358538,Load Users 1-32,GET /work random mode,200,768
1779032359190,Load Users 1-59,GET /work random mode,200,123
1779032359088,Load Users 1-69,GET /work random mode,200,226
1779032359109,Load Users 1-1,POST /batch mixed tasks,200,210
1779032359046,Load Users 1-2,POST /batch mixed tasks,200,277
1779032359118,Load Users 1-46,GET /work random mode,200,206
1779032359198,Load Users 1-13,POST /batch mixed tasks,200,141
1779032359282,Load Users 1-98,GET /work random mode,200,61
1779032359099,Load Users 1-56,POST /batch mixed tasks,200,251
1779032359265,Load Users 1-57,POST /batch mixed tasks,200,85
1779032358553,Load Users 1-15,GET /work random mode,200,801
1779032358721,Load Users 1-73,POST /batch mixed tasks,200,633
1779032359034,Load Users 1-97,POST /batch mixed tasks,200,321
1779032358406,Load Users 1-62,GET /work random mode,200,977
1779032358999,Load Users 1-23,POST /batch mixed tasks,200,385
1779032359319,Load Users 1-48,GET /work random mode,200,74
1779032359117,Load Users 1-66,POST /batch mixed tasks,200,285
1779032359277,Load Users 1-31,GET /work random mode,200,130
1779032358632,Load Users 1-39,GET /work random mode,200,776
1779032359259,Load Users 1-53,GET /work random mode,200,151
1779032359132,Load Users 1-38,POST /batch mixed tasks,200,282
1779032359194,Load Users 1-8,GET /work random mode,200,225
1779032358902,Load Users 1-20,GET /work random mode,200,533
1779032358723,Load Users 1-79,GET /work random mode,200,716
1779032358543,Load Users 1-90,POST /batch mixed tasks,200,897
1779032359172,Load Users 1-76,POST /batch mixed tasks,200,269
1779032359176,Load Users 1-63,POST /batch mixed tasks,200,265
1779032359402,Load Users 1-16,GET /work random mode,200,40
1779032359245,Load Users 1-34,GET /work random mode,200,198
1779032359321,Load Users 1-92,GET /work random mode,200,122
1779032359008,Load Users 1-54,GET /work random mode,200,445
1779032359359,Load Users 1-71,GET /work random mode,200,106
1779032359255,Load Users 1-3,POST /batch mixed tasks,200,213
1779032358851,Load Users 1-96,POST /batch mixed tasks,200,621
1779032359355,Load Users 1-61,GET /work random mode,200,120
1779032359435,Load Users 1-13,GET /work random mode,200,47
1779032359375,Load Users 1-80,GET /work random mode,200,108
1779032359205,Load Users 1-21,POST /batch mixed tasks,200,284
1779032359387,Load Users 1-35,GET /work random mode,200,112
1779032358959,Load Users 1-40,POST /batch mixed tasks,200,577
1779032359456,Load Users 1-23,GET /work random mode,200,98
1779032359355,Load Users 1-6,GET /work random mode,200,207
1779032359542,Load Users 1-8,GET /work random mode,200,20
1779032359155,Load Users 1-30,POST /batch mixed tasks,200,424
1779032358827,Load Users 1-47,GET /work random mode,200,753
1779032359493,Load Users 1-20,POST /batch mixed tasks,200,88
1779032358567,Load Users 1-67,GET /work random mode,200,1017
1779032359226,Load Users 1-78,GET /work random mode,200,360
1779032359459,Load Users 1-73,POST /batch mixed tasks,200,129
1779032359469,Load Users 1-98,GET /work random mode,200,122
1779032359543,Load Users 1-21,GET /work random mode,200,53
1779032359341,Load Users 1-7,POST /batch mixed tasks,200,258
1779032359328,Load Users 1-82,GET /work random mode,200,282
1779032359263,Load Users 1-84,POST /batch mixed tasks,200,348
1779032359307,Load Users 1-52,POST /batch mixed tasks,200,308
1779032359205,Load Users 1-14,POST /batch mixed tasks,200,410
1779032359616,Load Users 1-6,GET /work random mode,200,18
1779032359182,Load Users 1-12,POST /batch mixed tasks,200,452
1779032359116,Load Users 1-91,POST /batch mixed tasks,200,519
1779032359347,Load Users 1-45,POST /batch mixed tasks,200,294
1779032359301,Load Users 1-95,POST /batch mixed tasks,200,340
1779032359215,Load Users 1-70,POST /batch mixed tasks,200,428
1779032358498,Load Users 1-41,POST /batch mixed tasks,200,1156
1779032359395,Load Users 1-69,POST /batch mixed tasks,200,263
1779032359416,Load Users 1-57,GET /work random mode,200,242
1779032359516,Load Users 1-53,GET /work random mode,200,148
1779032359385,Load Users 1-64,GET /work random mode,200,280
1779032359648,Load Users 1-78,GET /work random mode,200,22
1779032359254,Load Users 1-51,POST /batch mixed tasks,200,423
1779032359590,Load Users 1-3,GET /work random mode,200,92
1779032359056,Load Users 1-9,GET /work random mode,200,628
1779032359402,Load Users 1-1,POST /batch mixed tasks,200,284
1779032359390,Load Users 1-100,POST /batch mixed tasks,200,297
1779032359663,Load Users 1-98,GET /work random mode,200,25
1779032358566,Load Users 1-19,POST /batch mixed tasks,200,1126
1779032359485,Load Users 1-31,POST /batch mixed tasks,200,224
1779032358984,Load Users 1-28,POST /batch mixed tasks,200,728
1779032359443,Load Users 1-37,POST /batch mixed tasks,200,270
1779032359465,Load Users 1-39,POST /batch mixed tasks,200,250
1779032359089,Load Users 1-24,POST /batch mixed tasks,200,632
1779032358820,Load Users 1-86,GET /work random mode,200,904
1779032359478,Load Users 1-48,POST /batch mixed tasks,200,250
1779032359511,Load Users 1-66,POST /batch mixed tasks,200,217
1779032359434,Load Users 1-62,POST /batch mixed tasks,200,295
1779032359551,Load Users 1-80,POST /batch mixed tasks,200,186
1779032359564,Load Users 1-96,GET /work random mode,200,174
1779032359226,Load Users 1-87,POST /batch mixed tasks,200,513
1779032359727,Load Users 1-78,GET /work random mode,200,13
1779032359357,Load Users 1-55,POST /batch mixed tasks,200,385
1779032359493,Load Users 1-54,POST /batch mixed tasks,200,253
1779032359274,Load Users 1-77,POST /batch mixed tasks,200,474
1779032359193,Load Users 1-60,GET /work random mode,200,555
1779032359533,Load Users 1-34,GET /work random mode,200,218
1779032359661,Load Users 1-84,GET /work random mode,200,91
1779032359120,Load Users 1-68,GET /work random mode,200,636
1779032359592,Load Users 1-71,POST /batch mixed tasks,200,174
1779032358778,Load Users 1-25,GET /work random mode,200,990
1779032359342,Load Users 1-93,POST /batch mixed tasks,200,427
1779032359669,Load Users 1-21,GET /work random mode,200,100
1779032359499,Load Users 1-63,POST /batch mixed tasks,200,270
1779032359510,Load Users 1-90,POST /batch mixed tasks,200,260
1779032359436,Load Users 1-2,POST /batch mixed tasks,200,337
1779032359287,Load Users 1-43,POST /batch mixed tasks,200,495
1779032359762,Load Users 1-52,GET /work random mode,200,20
1779032359116,Load Users 1-85,POST /batch mixed tasks,200,670
1779032359204,Load Users 1-58,GET /work random mode,200,582
1779032359354,Load Users 1-49,POST /batch mixed tasks,200,443
1779032359624,Load Users 1-13,POST /batch mixed tasks,200,175
1779032359417,Load Users 1-46,GET /work random mode,200,385
1779032358955,Load Users 1-17,POST /batch mixed tasks,200,849
1779032359659,Load Users 1-14,POST /batch mixed tasks,200,146
1779032359774,Load Users 1-12,GET /work random mode,200,34
1779032359579,Load Users 1-79,POST /batch mixed tasks,200,233
1779032359807,Load Users 1-66,GET /work random mode,200,12
1779032359812,Load Users 1-43,GET /work random mode,200,9
1779032359809,Load Users 1-71,GET /work random mode,200,13
1779032359628,Load Users 1-23,POST /batch mixed tasks,200,200
1779032359804,Load Users 1-55,GET /work random mode,200,30
1779032359122,Load Users 1-99,POST /batch mixed tasks,200,714
1779032359189,Load Users 1-89,POST /batch mixed tasks,200,663
1779032359401,Load Users 1-56,GET /work random mode,200,460
1779032359460,Load Users 1-15,GET /work random mode,200,409
1779032358888,Load Users 1-18,POST /batch mixed tasks,200,986
1779032359786,Load Users 1-3,GET /work random mode,200,88
1779032359829,Load Users 1-31,GET /work random mode,200,46
1779032359430,Load Users 1-59,POST /batch mixed tasks,200,454
1779032359300,Load Users 1-74,POST /batch mixed tasks,200,585
1779032359796,Load Users 1-34,GET /work random mode,200,90
1779032359683,Load Users 1-30,POST /batch mixed tasks,200,205
1779032359588,Load Users 1-35,POST /batch mixed tasks,200,302
1779032359708,Load Users 1-7,GET /work random mode,200,184
1779032359878,Load Users 1-52,GET /work random mode,200,17
1779032359840,Load Users 1-24,GET /work random mode,200,59
1779032359830,Load Users 1-63,GET /work random mode,200,85
1779032359716,Load Users 1-20,POST /batch mixed tasks,200,199
1779032359825,Load Users 1-21,GET /work random mode,200,96
1779032359722,Load Users 1-67,GET /work random mode,200,200
1779032359926,Load Users 1-46,GET /work random mode,200,2
1779032359819,Load Users 1-85,GET /work random mode,200,109
1779032359665,Load Users 1-40,POST /batch mixed tasks,200,264
1779032359736,Load Users 1-1,POST /batch mixed tasks,200,196
1779032359794,Load Users 1-53,GET /work random mode,200,149
1779032359833,Load Users 1-60,GET /work random mode,200,119
1779032359759,Load Users 1-45,POST /batch mixed tasks,200,194
1779032359319,Load Users 1-44,GET /work random mode,200,635
1779032359744,Load Users 1-95,POST /batch mixed tasks,200,211
1779032359907,Load Users 1-79,GET /work random mode,200,54
1779032359500,Load Users 1-76,POST /batch mixed tasks,200,466
1779032359736,Load Users 1-82,GET /work random mode,200,231
1779032358767,Load Users 1-10,POST /batch mixed tasks,200,1202
1779032359764,Load Users 1-57,POST /batch mixed tasks,200,207
1779032359604,Load Users 1-8,POST /batch mixed tasks,200,374
1779032359976,Load Users 1-18,GET /work random mode,200,9
1779032359977,Load Users 1-85,GET /work random mode,200,12
1779032359532,Load Users 1-16,GET /work random mode,200,471
1779032359888,Load Users 1-23,GET /work random mode,200,119
1779032359903,Load Users 1-15,GET /work random mode,200,107
1779032359844,Load Users 1-48,POST /batch mixed tasks,200,182
1779032359376,Load Users 1-32,GET /work random mode,200,654
1779032359986,Load Users 1-40,POST /batch mixed tasks,200,47
1779032359760,Load Users 1-62,POST /batch mixed tasks,200,273
1779032359444,Load Users 1-22,POST /batch mixed tasks,200,601
1779032359850,Load Users 1-68,POST /batch mixed tasks,200,206
1779032359948,Load Users 1-56,POST /batch mixed tasks,200,111
1779032359671,Load Users 1-73,POST /batch mixed tasks,200,390
1779032360058,Load Users 1-48,GET /work random mode,200,6
1779032359250,Load Users 1-72,POST /batch mixed tasks,200,818
1779032359818,Load Users 1-90,POST /batch mixed tasks,200,254
1779032359941,Load Users 1-3,POST /batch mixed tasks,200,131
1779032359275,Load Users 1-75,GET /work random mode,200,799
1779032359783,Load Users 1-86,GET /work random mode,200,292
1779032360024,Load Users 1-24,GET /work random mode,200,57
1779032359931,Load Users 1-71,POST /batch mixed tasks,200,159
1779032359952,Load Users 1-63,POST /batch mixed tasks,200,145
1779032359823,Load Users 1-96,GET /work random mode,200,279
1779032360019,Load Users 1-59,GET /work random mode,200,83
1779032359784,Load Users 1-37,GET /work random mode,200,318
1779032360045,Load Users 1-76,GET /work random mode,200,67
1779032360070,Load Users 1-62,GET /work random mode,200,46
1779032359732,Load Users 1-9,GET /work random mode,200,384
1779032359855,Load Users 1-28,GET /work random mode,200,262
1779032360116,Load Users 1-86,GET /work random mode,200,12
1779032360060,Load Users 1-46,GET /work random mode,200,78
1779032360118,Load Users 1-75,GET /work random mode,200,21
1779032359424,Load Users 1-83,GET /work random mode,200,716
1779032359946,Load Users 1-7,POST /batch mixed tasks,200,197
1779032359803,Load Users 1-25,POST /batch mixed tasks,200,349
1779032359317,Load Users 1-50,POST /batch mixed tasks,200,838
1779032359789,Load Users 1-41,POST /batch mixed tasks,200,376
1779032359903,Load Users 1-13,POST /batch mixed tasks,200,266
1779032359992,Load Users 1-21,POST /batch mixed tasks,200,178
1779032360092,Load Users 1-15,GET /work random mode,200,83
1779032360090,Load Users 1-8,GET /work random mode,200,93
1779032360052,Load Users 1-16,GET /work random mode,200,132
1779032359846,Load Users 1-14,POST /batch mixed tasks,200,341
1779032360053,Load Users 1-45,POST /batch mixed tasks,200,134
1779032359489,Load Users 1-92,POST /batch mixed tasks,200,704
1779032359996,Load Users 1-30,POST /batch mixed tasks,200,202
1779032359836,Load Users 1-49,POST /batch mixed tasks,200,368
1779032359922,Load Users 1-55,POST /batch mixed tasks,200,284
1779032358855,Load Users 1-65,POST /batch mixed tasks,200,1356
1779032359881,Load Users 1-58,POST /batch mixed tasks,200,333
1779032359882,Load Users 1-43,POST /batch mixed tasks,200,332
1779032360144,Load Users 1-90,GET /work random mode,200,73
1779032360067,Load Users 1-32,POST /batch mixed tasks,200,157
1779032360210,Load Users 1-37,GET /work random mode,200,15
1779032359835,Load Users 1-39,POST /batch mixed tasks,200,400
1779032359875,Load Users 1-77,POST /batch mixed tasks,200,360
1779032359862,Load Users 1-78,POST /batch mixed tasks,200,374
1779032360180,Load Users 1-75,GET /work random mode,200,58
1779032360046,Load Users 1-67,GET /work random mode,200,193
1779032358841,Load Users 1-4,GET /work random mode,200,1403
1779032360174,Load Users 1-56,GET /work random mode,200,79
1779032360252,Load Users 1-45,GET /work random mode,200,4
1779032359807,Load Users 1-100,POST /batch mixed tasks,200,454
1779032360053,Load Users 1-79,POST /batch mixed tasks,200,221
1779032359957,Load Users 1-99,POST /batch mixed tasks,200,324
1779032360261,Load Users 1-46,GET /work random mode,200,26
1779032360168,Load Users 1-96,GET /work random mode,200,122
1779032360096,Load Users 1-73,GET /work random mode,200,197
1779032360242,Load Users 1-86,GET /work random mode,200,52
1779032360195,Load Users 1-83,GET /work random mode,200,101
1779032359718,Load Users 1-47,POST /batch mixed tasks,200,581
1779032359327,Load Users 1-26,POST /batch mixed tasks,200,980
1779032359873,Load Users 1-66,POST /batch mixed tasks,200,445
1779032359674,Load Users 1-70,POST /batch mixed tasks,200,646
1779032360178,Load Users 1-40,POST /batch mixed tasks,200,153
1779032360188,Load Users 1-50,GET /work random mode,200,143
1779032360212,Load Users 1-63,GET /work random mode,200,122
1779032360213,Load Users 1-76,GET /work random mode,200,124
1779032360338,Load Users 1-26,GET /work random mode,200,4
1779032359231,Load Users 1-36,POST /batch mixed tasks,200,1114
1779032360004,Load Users 1-57,POST /batch mixed tasks,200,346
1779032359978,Load Users 1-35,GET /work random mode,200,373
1779032359296,Load Users 1-33,GET /work random mode,200,1067
1779032360094,Load Users 1-23,POST /batch mixed tasks,200,283
1779032359503,Load Users 1-97,POST /batch mixed tasks,200,878
1779032360035,Load Users 1-82,POST /batch mixed tasks,200,346
1779032360333,Load Users 1-86,GET /work random mode,200,50
1779032360066,Load Users 1-95,POST /batch mixed tasks,200,320
1779032360190,Load Users 1-62,POST /batch mixed tasks,200,197
1779032359031,Load Users 1-11,POST /batch mixed tasks,200,1368
1779032359941,Load Users 1-17,POST /batch mixed tasks,200,463
1779032359950,Load Users 1-34,POST /batch mixed tasks,200,456
1779032360206,Load Users 1-59,GET /work random mode,200,209
1779032360102,Load Users 1-10,POST /batch mixed tasks,200,313
1779032360246,Load Users 1-58,GET /work random mode,200,172
1779032359768,Load Users 1-80,GET /work random mode,200,660
1779032359946,Load Users 1-31,GET /work random mode,200,487
1779032360245,Load Users 1-43,GET /work random mode,200,200
1779032360220,Load Users 1-24,POST /batch mixed tasks,200,230
1779032360112,Load Users 1-18,POST /batch mixed tasks,200,341
1779032359992,Load Users 1-20,POST /batch mixed tasks,200,464
1779032359925,Load Users 1-12,GET /work random mode,200,535
1779032359886,Load Users 1-89,POST /batch mixed tasks,200,575
1779032360330,Load Users 1-100,GET /work random mode,200,132
1779032358931,Load Users 1-27,POST /batch mixed tasks,200,1531
1779032360427,Load Users 1-33,GET /work random mode,200,43
1779032360331,Load Users 1-92,GET /work random mode,200,139
1779032360421,Load Users 1-62,GET /work random mode,200,50
1779032360471,Load Users 1-86,GET /work random mode,200,1
1779032360405,Load Users 1-99,GET /work random mode,200,70
1779032360145,Load Users 1-72,POST /batch mixed tasks,200,353
1779032360350,Load Users 1-4,GET /work random mode,200,155
1779032360086,Load Users 1-85,POST /batch mixed tasks,200,419
1779032360388,Load Users 1-83,POST /batch mixed tasks,200,117
1779032360294,Load Users 1-37,POST /batch mixed tasks,200,215
1779032359780,Load Users 1-51,POST /batch mixed tasks,200,731
1779032360348,Load Users 1-39,GET /work random mode,200,176
1779032360496,Load Users 1-95,POST /batch mixed tasks,200,32
1779032360313,Load Users 1-90,POST /batch mixed tasks,200,215
1779032360092,Load Users 1-60,POST /batch mixed tasks,200,437
1779032360526,Load Users 1-100,GET /work random mode,200,4
1779032360467,Load Users 1-31,POST /batch mixed tasks,200,67
1779032360391,Load Users 1-47,POST /batch mixed tasks,200,144
1779032360499,Load Users 1-58,GET /work random mode,200,38
1779032360297,Load Users 1-30,POST /batch mixed tasks,200,251
1779032360467,Load Users 1-97,GET /work random mode,200,81
1779032360184,Load Users 1-28,GET /work random mode,200,368
1779032360245,Load Users 1-41,GET /work random mode,200,310
1779032360170,Load Users 1-22,POST /batch mixed tasks,200,393
1779032360563,Load Users 1-83,GET /work random mode,200,3
1779032359800,Load Users 1-54,POST /batch mixed tasks,200,766
1779032359034,Load Users 1-88,POST /batch mixed tasks,200,1532
1779032360111,Load Users 1-48,POST /batch mixed tasks,200,456
1779032360434,Load Users 1-70,GET /work random mode,200,142
1779032360563,Load Users 1-60,GET /work random mode,200,18
1779032360237,Load Users 1-55,POST /batch mixed tasks,200,367
1779032359051,Load Users 1-5,GET /work random mode,200,1562
1779032359785,Load Users 1-84,POST /batch mixed tasks,200,829
1779032360029,Load Users 1-44,POST /batch mixed tasks,200,593
1779032360382,Load Users 1-78,POST /batch mixed tasks,200,253
1779032360394,Load Users 1-56,POST /batch mixed tasks,200,242
1779032360484,Load Users 1-82,GET /work random mode,200,155
1779032360620,Load Users 1-83,GET /work random mode,200,23
1779032359757,Load Users 1-6,POST /batch mixed tasks,200,888
1779032360076,Load Users 1-53,GET /work random mode,200,571
1779032360502,Load Users 1-43,GET /work random mode,200,150
1779032360298,Load Users 1-65,POST /batch mixed tasks,200,354
1779032360505,Load Users 1-62,GET /work random mode,200,150
1779032360222,Load Users 1-13,GET /work random mode,200,438
1779032360390,Load Users 1-63,GET /work random mode,200,273
1779032360246,Load Users 1-7,POST /batch mixed tasks,200,422
1779032360476,Load Users 1-57,POST /batch mixed tasks,200,192
1779032360279,Load Users 1-25,POST /batch mixed tasks,200,391
1779032360565,Load Users 1-18,GET /work random mode,200,111
1779032359758,Load Users 1-91,POST /batch mixed tasks,200,919
1779032360552,Load Users 1-4,POST /batch mixed tasks,200,126
1779032360439,Load Users 1-23,POST /batch mixed tasks,200,252
1779032360694,Load Users 1-82,GET /work random mode,200,3
1779032360589,Load Users 1-31,POST /batch mixed tasks,200,112
1779032360611,Load Users 1-58,POST /batch mixed tasks,200,91
1779032360571,Load Users 1-86,GET /work random mode,200,132
1779032360068,Load Users 1-1,POST /batch mixed tasks,200,635
1779032360562,Load Users 1-12,GET /work random mode,200,141
1779032360458,Load Users 1-50,POST /batch mixed tasks,200,247
1779032360675,Load Users 1-5,GET /work random mode,200,40
1779032359272,Load Users 1-42,GET /work random mode,200,1446
1779032360713,Load Users 1-78,GET /work random mode,200,5
1779032360450,Load Users 1-59,POST /batch mixed tasks,200,270
1779032360381,Load Users 1-66,GET /work random mode,200,345
1779032360361,Load Users 1-79,POST /batch mixed tasks,200,367
1779032359844,Load Users 1-93,POST /batch mixed tasks,200,884
1779032360151,Load Users 1-3,POST /batch mixed tasks,200,580
1779032360628,Load Users 1-30,GET /work random mode,200,106
1779032360582,Load Users 1-24,POST /batch mixed tasks,200,154
1779032360652,Load Users 1-85,GET /work random mode,200,85
1779032360268,Load Users 1-21,GET /work random mode,200,473
1779032360708,Load Users 1-55,GET /work random mode,200,42
1779032359369,Load Users 1-29,POST /batch mixed tasks,200,1381
1779032359297,Load Users 1-94,POST /batch mixed tasks,200,1456
1779032360360,Load Users 1-45,POST /batch mixed tasks,200,395
1779032360720,Load Users 1-4,GET /work random mode,200,41
1779032360744,Load Users 1-44,GET /work random mode,200,22
1779032360433,Load Users 1-76,POST /batch mixed tasks,200,336
1779032359553,Load Users 1-61,POST /batch mixed tasks,200,1221
1779032360517,Load Users 1-99,POST /batch mixed tasks,200,259
1779032360323,Load Users 1-75,POST /batch mixed tasks,200,454
1779032360716,Load Users 1-13,GET /work random mode,200,65
1779032360368,Load Users 1-67,POST /batch mixed tasks,200,413
1779032359360,Load Users 1-81,POST /batch mixed tasks,200,1430
1779032360690,Load Users 1-6,POST /batch mixed tasks,200,105
1779032360122,Load Users 1-71,GET /work random mode,200,675
1779032360707,Load Users 1-84,GET /work random mode,200,90
1779032360284,Load Users 1-32,POST /batch mixed tasks,200,541
1779032360791,Load Users 1-30,GET /work random mode,200,40
1779032360656,Load Users 1-95,GET /work random mode,200,182
1779032360541,Load Users 1-17,POST /batch mixed tasks,200,303
1779032360678,Load Users 1-22,POST /batch mixed tasks,200,169
1779032360567,Load Users 1-27,POST /batch mixed tasks,200,285
1779032360581,Load Users 1-37,POST /batch mixed tasks,200,274
1779032359798,Load Users 1-87,GET /work random mode,200,1058
1779032360751,Load Users 1-50,GET /work random mode,200,112
1779032360463,Load Users 1-10,GET /work random mode,200,415
1779032360884,Load Users 1-67,GET /work random mode,200,14
1779032360366,Load Users 1-96,POST /batch mixed tasks,200,546
1779032360801,Load Users 1-3,GET /work random mode,200,113
1779032360744,Load Users 1-25,POST /batch mixed tasks,200,175
1779032360423,Load Users 1-40,POST /batch mixed tasks,200,508
1779032360553,Load Users 1-51,POST /batch mixed tasks,200,379
1779032360690,Load Users 1-54,POST /batch mixed tasks,200,242
1779032360708,Load Users 1-70,POST /batch mixed tasks,200,225
1779032360481,Load Users 1-11,GET /work random mode,200,452
1779032360033,Load Users 1-74,GET /work random mode,200,910
1779032360602,Load Users 1-97,POST /batch mixed tasks,200,345
1779032360719,Load Users 1-57,POST /batch mixed tasks,200,231
1779032360763,Load Users 1-63,POST /batch mixed tasks,200,191
1779032360620,Load Users 1-48,GET /work random mode,200,338
1779032360797,Load Users 1-23,GET /work random mode,200,169
1779032360585,Load Users 1-39,GET /work random mode,200,382
1779032360944,Load Users 1-67,GET /work random mode,200,30
1779032360534,Load Users 1-33,POST /batch mixed tasks,200,443
1779032360795,Load Users 1-53,GET /work random mode,200,186
1779032360890,Load Users 1-76,GET /work random mode,200,91
1779032360747,Load Users 1-1,GET /work random mode,200,240
1779032360285,Load Users 1-15,POST /batch mixed tasks,200,707
1779032360638,Load Users 1-72,POST /batch mixed tasks,200,356
1779032360560,Load Users 1-89,POST /batch mixed tasks,200,440
1779032360817,Load Users 1-42,GET /work random mode,200,183
1779032360863,Load Users 1-75,POST /batch mixed tasks,200,141
1779032360293,Load Users 1-16,GET /work random mode,200,716
1779032360575,Load Users 1-20,POST /batch mixed tasks,200,435
1779032361009,Load Users 1-25,GET /work random mode,200,3
1779032360421,Load Users 1-46,POST /batch mixed tasks,200,598
1779032359810,Load Users 1-19,GET /work random mode,200,1210
1779032360595,Load Users 1-90,GET /work random mode,200,425
1779032361024,Load Users 1-53,GET /work random mode,200,2
1779032359713,Load Users 1-69,POST /batch mixed tasks,200,1320
1779032360911,Load Users 1-13,GET /work random mode,200,127
1779032360888,Load Users 1-55,POST /batch mixed tasks,200,156
1779032359734,Load Users 1-64,POST /batch mixed tasks,200,1313
1779032360757,Load Users 1-5,POST /batch mixed tasks,200,295
1779032360946,Load Users 1-37,GET /work random mode,200,111
1779032360939,Load Users 1-30,POST /batch mixed tasks,200,128
1779032360896,Load Users 1-29,POST /batch mixed tasks,200,187
1779032360783,Load Users 1-12,GET /work random mode,200,301
1779032361047,Load Users 1-75,GET /work random mode,200,43
1779032359770,Load Users 1-98,GET /work random mode,200,1320
1779032360707,Load Users 1-65,POST /batch mixed tasks,200,387
1779032360743,Load Users 1-82,POST /batch mixed tasks,200,374
1779032360813,Load Users 1-4,GET /work random mode,200,310
1779032360866,Load Users 1-61,POST /batch mixed tasks,200,260
1779032360490,Load Users 1-36,POST /batch mixed tasks,200,636
1779032360924,Load Users 1-22,POST /batch mixed tasks,200,210
1779032359928,Load Users 1-52,POST /batch mixed tasks,200,1207
1779032361080,Load Users 1-54,GET /work random mode,200,60
1779032361108,Load Users 1-55,GET /work random mode,200,34
1779032360858,Load Users 1-81,GET /work random mode,200,284
1779032360770,Load Users 1-62,POST /batch mixed tasks,200,377
1779032361142,Load Users 1-69,GET /work random mode,200,9
1779032361006,Load Users 1-87,POST /batch mixed tasks,200,146
1779032360867,Load Users 1-32,POST /batch mixed tasks,200,290
1779032360828,Load Users 1-86,POST /batch mixed tasks,200,330
1779032360648,Load Users 1-28,GET /work random mode,200,512
1779032360984,Load Users 1-63,GET /work random mode,200,176
1779032361043,Load Users 1-72,POST /batch mixed tasks,200,121
1779032360854,Load Users 1-99,POST /batch mixed tasks,200,311
1779032360836,Load Users 1-71,POST /batch mixed tasks,200,332
1779032361100,Load Users 1-15,GET /work random mode,200,70
1779032360729,Load Users 1-83,POST /batch mixed tasks,200,444
1779032361031,Load Users 1-51,GET /work random mode,200,143
1779032360731,Load Users 1-31,POST /batch mixed tasks,200,451
1779032360844,Load Users 1-21,GET /work random mode,200,340
1779032360865,Load Users 1-85,POST /batch mixed tasks,200,319
1779032360790,Load Users 1-94,POST /batch mixed tasks,200,394
1779032360659,Load Users 1-60,POST /batch mixed tasks,200,527
1779032360975,Load Users 1-27,GET /work random mode,200,220
1779032361146,Load Users 1-90,GET /work random mode,200,50
1779032359885,Load Users 1-2,GET /work random mode,200,1323
1779032361147,Load Users 1-53,GET /work random mode,200,67
1779032361037,Load Users 1-48,POST /batch mixed tasks,200,188
1779032360785,Load Users 1-79,GET /work random mode,200,453
1779032361139,Load Users 1-25,POST /batch mixed tasks,200,105
1779032361101,Load Users 1-89,GET /work random mode,200,145
1779032360884,Load Users 1-6,POST /batch mixed tasks,200,369
1779032360621,Load Users 1-41,POST /batch mixed tasks,200,643
1779032361033,Load Users 1-57,POST /batch mixed tasks,200,232
1779032361068,Load Users 1-70,POST /batch mixed tasks,200,203
1779032361092,Load Users 1-39,POST /batch mixed tasks,200,180
1779032361246,Load Users 1-86,GET /work random mode,200,28
1779032360627,Load Users 1-47,POST /batch mixed tasks,200,647
1779032361039,Load Users 1-11,POST /batch mixed tasks,200,241
1779032361114,Load Users 1-76,POST /batch mixed tasks,200,170
1779032361255,Load Users 1-81,GET /work random mode,200,30
1779032361128,Load Users 1-46,GET /work random mode,200,159
1779032361245,Load Users 1-87,GET /work random mode,200,45
1779032361225,Load Users 1-82,GET /work random mode,200,65
1779032360926,Load Users 1-10,POST /batch mixed tasks,200,379
1779032360769,Load Users 1-78,GET /work random mode,200,537
1779032361267,Load Users 1-31,GET /work random mode,200,39
1779032361091,Load Users 1-33,GET /work random mode,200,220
1779032361227,Load Users 1-51,GET /work random mode,200,93
1779032361225,Load Users 1-32,GET /work random mode,200,96
1779032360824,Load Users 1-93,POST /batch mixed tasks,200,508
1779032360816,Load Users 1-59,POST /batch mixed tasks,200,520
1779032361099,Load Users 1-42,POST /batch mixed tasks,200,238
1779032359501,Load Users 1-38,POST /batch mixed tasks,200,1840
1779032360988,Load Users 1-17,GET /work random mode,200,356
1779032361038,Load Users 1-23,POST /batch mixed tasks,200,306
1779032360820,Load Users 1-18,POST /batch mixed tasks,200,526
1779032361238,Load Users 1-15,GET /work random mode,200,109
1779032360478,Load Users 1-26,GET /work random mode,200,869
1779032360166,Load Users 1-68,POST /batch mixed tasks,200,1183
1779032360882,Load Users 1-95,POST /batch mixed tasks,200,469
1779032360754,Load Users 1-56,POST /batch mixed tasks,200,600
1779032360459,Load Users 1-80,GET /work random mode,200,899
1779032361264,Load Users 1-61,GET /work random mode,200,97
1779032361005,Load Users 1-3,POST /batch mixed tasks,200,359
1779032361254,Load Users 1-62,GET /work random mode,200,113
1779032361286,Load Users 1-72,GET /work random mode,200,84
1779032360417,Load Users 1-73,GET /work random mode,200,954
1779032360351,Load Users 1-77,POST /batch mixed tasks,200,1021
1779032361260,Load Users 1-52,GET /work random mode,200,117
1779032361174,Load Users 1-55,GET /work random mode,200,204
1779032361347,Load Users 1-81,GET /work random mode,200,31
1779032361373,Load Users 1-11,GET /work random mode,200,19
1779032361123,Load Users 1-64,POST /batch mixed tasks,200,273
1779032360749,Load Users 1-91,GET /work random mode,200,652
1779032361185,Load Users 1-12,POST /batch mixed tasks,200,219
1779032361395,Load Users 1-46,GET /work random mode,200,21
1779032360869,Load Users 1-84,POST /batch mixed tasks,200,554
1779032360641,Load Users 1-100,POST /batch mixed tasks,200,783
1779032361014,Load Users 1-67,GET /work random mode,200,412
1779032361306,Load Users 1-79,POST /batch mixed tasks,200,140
1779032361427,Load Users 1-93,GET /work random mode,200,22
1779032360657,Load Users 1-88,POST /batch mixed tasks,200,795
1779032361333,Load Users 1-94,GET /work random mode,200,121
1779032361422,Load Users 1-55,GET /work random mode,200,34
1779032360820,Load Users 1-24,POST /batch mixed tasks,200,641
1779032361051,Load Users 1-20,POST /batch mixed tasks,200,420
1779032361088,Load Users 1-97,POST /batch mixed tasks,200,389
1779032360922,Load Users 1-50,POST /batch mixed tasks,200,556
1779032361455,Load Users 1-72,GET /work random mode,200,24
1779032360866,Load Users 1-66,GET /work random mode,200,616
1779032361214,Load Users 1-21,POST /batch mixed tasks,200,272
1779032361412,Load Users 1-32,GET /work random mode,200,79
1779032361322,Load Users 1-60,GET /work random mode,200,172
1779032361294,Load Users 1-41,GET /work random mode,200,205
1779032361368,Load Users 1-6,POST /batch mixed tasks,200,131
1779032360221,Load Users 1-14,POST /batch mixed tasks,200,1278
1779032361362,Load Users 1-57,GET /work random mode,200,138
1779032361349,Load Users 1-25,GET /work random mode,200,158
1779032361496,Load Users 1-3,GET /work random mode,200,12
1779032361092,Load Users 1-74,GET /work random mode,200,418
1779032361306,Load Users 1-90,GET /work random mode,200,207
1779032361215,Load Users 1-65,POST /batch mixed tasks,200,331
1779032361462,Load Users 1-17,GET /work random mode,200,91
1779032361283,Load Users 1-48,GET /work random mode,200,270
1779032361439,Load Users 1-31,GET /work random mode,200,117
1779032360531,Load Users 1-34,POST /batch mixed tasks,200,1026
1779032361508,Load Users 1-94,GET /work random mode,200,49
1779032361264,Load Users 1-53,POST /batch mixed tasks,200,299
1779032361561,Load Users 1-41,GET /work random mode,200,3
1779032361502,Load Users 1-56,GET /work random mode,200,64
1779032361170,Load Users 1-37,GET /work random mode,200,406
1779032360229,Load Users 1-9,POST /batch mixed tasks,200,1347
1779032360819,Load Users 1-44,POST /batch mixed tasks,200,766
1779032361391,Load Users 1-89,GET /work random mode,200,194
1779032361444,Load Users 1-51,GET /work random mode,200,143
1779032361461,Load Users 1-61,GET /work random mode,200,131
1779032361184,Load Users 1-98,POST /batch mixed tasks,200,408
1779032361409,Load Users 1-62,POST /batch mixed tasks,200,184
1779032361318,Load Users 1-70,POST /batch mixed tasks,200,275
1779032361497,Load Users 1-73,POST /batch mixed tasks,200,98
1779032360815,Load Users 1-7,POST /batch mixed tasks,200,788
1779032361102,Load Users 1-16,GET /work random mode,200,501
1779032361587,Load Users 1-74,GET /work random mode,200,17
1779032361229,Load Users 1-29,POST /batch mixed tasks,200,379
1779032361428,Load Users 1-80,GET /work random mode,200,183
1779032361388,Load Users 1-76,POST /batch mixed tasks,200,240
1779032361518,Load Users 1-88,GET /work random mode,200,115
1779032361600,Load Users 1-20,GET /work random mode,200,34
1779032361443,Load Users 1-64,POST /batch mixed tasks,200,192
1779032360247,Load Users 1-49,POST /batch mixed tasks,200,1390
1779032361623,Load Users 1-66,GET /work random mode,200,17
1779032361280,Load Users 1-85,GET /work random mode,200,360
1779032361399,Load Users 1-59,POST /batch mixed tasks,200,254
1779032361425,Load Users 1-23,POST /batch mixed tasks,200,231
1779032361520,Load Users 1-93,GET /work random mode,200,136
1779032361258,Load Users 1-69,POST /batch mixed tasks,200,400
1779032361664,Load Users 1-9,GET /work random mode,200,2
1779032361531,Load Users 1-60,GET /work random mode,200,137
1779032361629,Load Users 1-51,GET /work random mode,200,46
1779032361659,Load Users 1-48,GET /work random mode,200,20
1779032361292,Load Users 1-71,POST /batch mixed tasks,200,396
1779032361173,Load Users 1-30,GET /work random mode,200,531
1779032361609,Load Users 1-21,POST /batch mixed tasks,200,97
1779032361675,Load Users 1-16,GET /work random mode,200,36
1779032360322,Load Users 1-8,POST /batch mixed tasks,200,1392
1779032361315,Load Users 1-2,POST /batch mixed tasks,200,407
1779032361422,Load Users 1-38,GET /work random mode,200,307
1779032361335,Load Users 1-39,GET /work random mode,200,394
1779032360455,Load Users 1-35,GET /work random mode,200,1277
1779032361649,Load Users 1-57,POST /batch mixed tasks,200,84
1779032361615,Load Users 1-94,POST /batch mixed tasks,200,120
1779032361137,Load Users 1-13,GET /work random mode,200,600
1779032361509,Load Users 1-72,GET /work random mode,200,229
1779032361153,Load Users 1-19,POST /batch mixed tasks,200,585
1779032361653,Load Users 1-70,GET /work random mode,200,87
1779032360714,Load Users 1-43,POST /batch mixed tasks,200,1030
1779032361534,Load Users 1-32,GET /work random mode,200,211
1779032361249,Load Users 1-28,GET /work random mode,200,502
1779032361549,Load Users 1-67,GET /work random mode,200,203
1779032361711,Load Users 1-85,GET /work random mode,200,43
1779032361461,Load Users 1-15,POST /batch mixed tasks,200,303
1779032361390,Load Users 1-18,POST /batch mixed tasks,200,377
1779032361113,Load Users 1-1,POST /batch mixed tasks,200,656
1779032361665,Load Users 1-20,POST /batch mixed tasks,200,116
1779032361402,Load Users 1-78,POST /batch mixed tasks,200,388
1779032361058,Load Users 1-96,POST /batch mixed tasks,200,735
1779032361354,Load Users 1-47,POST /batch mixed tasks,200,450
1779032361766,Load Users 1-60,GET /work random mode,200,43
1779032361649,Load Users 1-3,POST /batch mixed tasks,200,162
1779032361773,Load Users 1-59,GET /work random mode,200,38
1779032361552,Load Users 1-25,POST /batch mixed tasks,200,261
1779032361388,Load Users 1-95,POST /batch mixed tasks,200,426
1779032361812,Load Users 1-15,GET /work random mode,200,4
1779032361361,Load Users 1-87,POST /batch mixed tasks,200,456
1779032361686,Load Users 1-53,POST /batch mixed tasks,200,134
1779032361445,Load Users 1-52,POST /batch mixed tasks,200,375
1779032360893,Load Users 1-45,GET /work random mode,200,937
1779032361685,Load Users 1-17,POST /batch mixed tasks,200,146
1779032361681,Load Users 1-34,GET /work random mode,200,154
1779032361348,Load Users 1-33,POST /batch mixed tasks,200,488
1779032361102,Load Users 1-5,POST /batch mixed tasks,200,736
1779032361484,Load Users 1-84,POST /batch mixed tasks,200,356
1779032361816,Load Users 1-16,GET /work random mode,200,29
1779032361396,Load Users 1-10,GET /work random mode,200,471
1779032360832,Load Users 1-58,POST /batch mixed tasks,200,1049
1779032361715,Load Users 1-61,GET /work random mode,200,166
1779032361485,Load Users 1-100,POST /batch mixed tasks,200,401
1779032361176,Load Users 1-22,GET /work random mode,200,710
1779032361197,Load Users 1-75,GET /work random mode,200,693
1779032361837,Load Users 1-70,GET /work random mode,200,59
1779032361679,Load Users 1-62,POST /batch mixed tasks,200,223
1779032361446,Load Users 1-11,GET /work random mode,200,469
1779032361708,Load Users 1-56,GET /work random mode,200,213
1779032361814,Load Users 1-30,GET /work random mode,200,108
1779032361661,Load Users 1-29,POST /batch mixed tasks,200,265
1779032361277,Load Users 1-27,GET /work random mode,200,651
1779032361523,Load Users 1-46,POST /batch mixed tasks,200,406
1779032361568,Load Users 1-55,POST /batch mixed tasks,200,367
1779032361715,Load Users 1-76,GET /work random mode,200,222
1779032361776,Load Users 1-35,GET /work random mode,200,163
1779032361634,Load Users 1-65,POST /batch mixed tasks,200,310
1779032361669,Load Users 1-49,POST /batch mixed tasks,200,280
1779032361842,Load Users 1-21,POST /batch mixed tasks,200,113
1779032361739,Load Users 1-48,POST /batch mixed tasks,200,219
1779032361938,Load Users 1-87,GET /work random mode,200,21
1779032360584,Load Users 1-92,POST /batch mixed tasks,200,1379
1779032361652,Load Users 1-73,POST /batch mixed tasks,200,315
1779032361854,Load Users 1-53,POST /batch mixed tasks,200,116
1779032361805,Load Users 1-19,POST /batch mixed tasks,200,177
1779032361724,Load Users 1-51,GET /work random mode,200,266
1779032361985,Load Users 1-46,GET /work random mode,200,18
1779032361613,Load Users 1-90,POST /batch mixed tasks,200,395
1779032361439,Load Users 1-68,POST /batch mixed tasks,200,571
1779032361988,Load Users 1-55,GET /work random mode,200,24
1779032361902,Load Users 1-67,GET /work random mode,200,115
1779032361508,Load Users 1-81,GET /work random mode,200,514
1779032361944,Load Users 1-62,GET /work random mode,200,83
1779032361845,Load Users 1-94,POST /batch mixed tasks,200,184
1779032361676,Load Users 1-41,POST /batch mixed tasks,200,357
1779032361689,Load Users 1-66,GET /work random mode,200,349
1779032361848,Load Users 1-59,POST /batch mixed tasks,200,196
1779032361572,Load Users 1-14,POST /batch mixed tasks,200,475
1779032361949,Load Users 1-95,GET /work random mode,200,101
1779032361755,Load Users 1-71,POST /batch mixed tasks,200,298
1779032361330,Load Users 1-82,POST /batch mixed tasks,200,723
1779032361972,Load Users 1-75,GET /work random mode,200,87
1779032361767,Load Users 1-69,POST /batch mixed tasks,200,296
1779032361677,Load Users 1-64,POST /batch mixed tasks,200,389
1779032361610,Load Users 1-37,POST /batch mixed tasks,200,462
1779032361454,Load Users 1-12,POST /batch mixed tasks,200,619
1779032362051,Load Users 1-30,GET /work random mode,200,24
1779032361784,Load Users 1-32,POST /batch mixed tasks,200,295
1779032361877,Load Users 1-60,GET /work random mode,200,204
1779032361854,Load Users 1-28,POST /batch mixed tasks,200,230
1779032361539,Load Users 1-91,GET /work random mode,200,549
1779032362067,Load Users 1-29,GET /work random mode,200,26
1779032361951,Load Users 1-52,POST /batch mixed tasks,200,145
1779032361208,Load Users 1-99,GET /work random mode,200,889
1779032361896,Load Users 1-78,GET /work random mode,200,202
1779032361856,Load Users 1-18,POST /batch mixed tasks,200,245
1779032361373,Load Users 1-42,GET /work random mode,200,732
1779032362081,Load Users 1-94,GET /work random mode,200,24
1779032361172,Load Users 1-36,POST /batch mixed tasks,200,940
1779032361520,Load Users 1-77,GET /work random mode,200,593
1779032361410,Load Users 1-86,POST /batch mixed tasks,200,704
1779032362023,Load Users 1-35,GET /work random mode,200,91
1779032361495,Load Users 1-79,POST /batch mixed tasks,200,626
1779032362119,Load Users 1-19,GET /work random mode,200,2
1779032361796,Load Users 1-38,GET /work random mode,200,328
1779032361864,Load Users 1-47,GET /work random mode,200,263
1779032361651,Load Users 1-7,POST /batch mixed tasks,200,483
1779032361971,Load Users 1-84,POST /batch mixed tasks,200,164
1779032361938,Load Users 1-33,POST /batch mixed tasks,200,204
1779032361684,Load Users 1-31,GET /work random mode,200,459
1779032362115,Load Users 1-81,GET /work random mode,200,39
1779032362017,Load Users 1-92,GET /work random mode,200,141
1779032361588,Load Users 1-97,POST /batch mixed tasks,200,573
1779032361553,Load Users 1-24,POST /batch mixed tasks,200,608
1779032361235,Load Users 1-83,GET /work random mode,200,930
1779032361862,Load Users 1-43,POST /batch mixed tasks,200,304
1779032362159,Load Users 1-52,GET /work random mode,200,12
1779032361778,Load Users 1-2,POST /batch mixed tasks,200,393
1779032361768,Load Users 1-57,POST /batch mixed tasks,200,418
1779032362181,Load Users 1-59,GET /work random mode,200,5
1779032362055,Load Users 1-48,POST /batch mixed tasks,200,133
1779032362053,Load Users 1-11,GET /work random mode,200,139
1779032362180,Load Users 1-60,GET /work random mode,200,13
1779032362115,Load Users 1-71,GET /work random mode,200,93
1779032361868,Load Users 1-72,POST /batch mixed tasks,200,342
1779032362204,Load Users 1-79,GET /work random mode,200,6
1779032361661,Load Users 1-89,POST /batch mixed tasks,200,564
1779032362131,Load Users 1-32,GET /work random mode,200,94
1779032361980,Load Users 1-100,GET /work random mode,200,251
1779032361751,Load Users 1-9,POST /batch mixed tasks,200,507
1779032361973,Load Users 1-70,POST /batch mixed tasks,200,300
1779032361921,Load Users 1-10,POST /batch mixed tasks,200,352
1779032362077,Load Users 1-46,GET /work random mode,200,197
1779032360993,Load Users 1-40,POST /batch mixed tasks,200,1283
1779032361951,Load Users 1-16,POST /batch mixed tasks,200,327
1779032362270,Load Users 1-83,GET /work random mode,200,12
1779032361680,Load Users 1-44,POST /batch mixed tasks,200,605
1779032362127,Load Users 1-82,GET /work random mode,200,158
1779032361914,Load Users 1-58,POST /batch mixed tasks,200,384
1779032362099,Load Users 1-75,GET /work random mode,200,204
1779032362120,Load Users 1-51,GET /work random mode,200,187
1779032362202,Load Users 1-42,GET /work random mode,200,106
1779032361860,Load Users 1-15,POST /batch mixed tasks,200,455
1779032362205,Load Users 1-77,GET /work random mode,200,112
1779032362183,Load Users 1-64,POST /batch mixed tasks,200,135
1779032362166,Load Users 1-35,GET /work random mode,200,167
1779032361952,Load Users 1-25,POST /batch mixed tasks,200,383
1779032362047,Load Users 1-90,GET /work random mode,200,290
1779032362214,Load Users 1-94,GET /work random mode,200,126
1779032362335,Load Users 1-79,GET /work random mode,200,12
1779032362251,Load Users 1-7,GET /work random mode,200,96
1779032362152,Load Users 1-95,GET /work random mode,200,196
1779032361718,Load Users 1-93,GET /work random mode,200,631
1779032361975,Load Users 1-17,POST /batch mixed tasks,200,378
1779032361407,Load Users 1-26,GET /work random mode,200,948
1779032361759,Load Users 1-23,POST /batch mixed tasks,200,609
1779032362028,Load Users 1-22,POST /batch mixed tasks,200,348
1779032362304,Load Users 1-70,GET /work random mode,200,74
1779032361752,Load Users 1-8,POST /batch mixed tasks,200,630
1779032362372,Load Users 1-16,GET /work random mode,200,22
1779032361806,Load Users 1-39,POST /batch mixed tasks,200,589
1779032361894,Load Users 1-20,POST /batch mixed tasks,200,506
1779032362142,Load Users 1-12,GET /work random mode,200,264
1779032362231,Load Users 1-11,GET /work random mode,200,176
1779032362036,Load Users 1-53,POST /batch mixed tasks,200,371
1779032362100,Load Users 1-87,POST /batch mixed tasks,200,308
1779032362162,Load Users 1-41,POST /batch mixed tasks,200,254
1779032361929,Load Users 1-5,POST /batch mixed tasks,200,492
1779032362002,Load Users 1-56,POST /batch mixed tasks,200,427
1779032361519,Load Users 1-50,POST /batch mixed tasks,200,912
1779032362107,Load Users 1-30,POST /batch mixed tasks,200,328
1779032362417,Load Users 1-17,GET /work random mode,200,21
1779032361289,Load Users 1-54,POST /batch mixed tasks,200,1157
1779032361867,Load Users 1-45,POST /batch mixed tasks,200,581
1779032361190,Load Users 1-4,POST /batch mixed tasks,200,1258
1779032362448,Load Users 1-87,GET /work random mode,200,14
1779032362299,Load Users 1-57,GET /work random mode,200,163
1779032362371,Load Users 1-75,GET /work random mode,200,97
1779032362444,Load Users 1-70,GET /work random mode,200,31
1779032362000,Load Users 1-49,GET /work random mode,200,480
1779032361878,Load Users 1-34,GET /work random mode,200,617
1779032362228,Load Users 1-38,POST /batch mixed tasks,200,270
1779032362486,Load Users 1-94,GET /work random mode,200,15
1779032362248,Load Users 1-33,POST /batch mixed tasks,200,255
1779032362181,Load Users 1-66,POST /batch mixed tasks,200,335
1779032362439,Load Users 1-42,GET /work random mode,200,79
1779032362345,Load Users 1-10,GET /work random mode,200,177
1779032362491,Load Users 1-39,GET /work random mode,200,34
1779032362472,Load Users 1-23,GET /work random mode,200,63
1779032361245,Load Users 1-63,POST /batch mixed tasks,200,1294
1779032362544,Load Users 1-38,GET /work random mode,200,4
1779032362265,Load Users 1-60,GET /work random mode,200,289
1779032362523,Load Users 1-70,GET /work random mode,200,41
1779032361953,Load Users 1-61,POST /batch mixed tasks,200,615
1779032362340,Load Users 1-9,POST /batch mixed tasks,200,235
1779032362517,Load Users 1-75,POST /batch mixed tasks,200,60
1779032361844,Load Users 1-85,POST /batch mixed tasks,200,734
1779032362213,Load Users 1-97,POST /batch mixed tasks,200,367
1779032362539,Load Users 1-33,GET /work random mode,200,43
1779032362156,Load Users 1-55,POST /batch mixed tasks,200,426
1779032362084,Load Users 1-21,POST /batch mixed tasks,200,501
1779032361650,Load Users 1-80,POST /batch mixed tasks,200,943
1779032362474,Load Users 1-7,POST /batch mixed tasks,200,126
1779032362037,Load Users 1-65,GET /work random mode,200,565
1779032362590,Load Users 1-42,GET /work random mode,200,13
1779032362386,Load Users 1-93,GET /work random mode,200,221
1779032362100,Load Users 1-68,GET /work random mode,200,510
1779032362139,Load Users 1-28,POST /batch mixed tasks,200,473
1779032361899,Load Users 1-96,GET /work random mode,200,714
1779032362226,Load Users 1-52,GET /work random mode,200,390
1779032362076,Load Users 1-27,GET /work random mode,200,545
1779032362219,Load Users 1-2,GET /work random mode,200,426
1779032362553,Load Users 1-45,GET /work random mode,200,93
1779032362267,Load Users 1-72,POST /batch mixed tasks,200,382
1779032362260,Load Users 1-32,POST /batch mixed tasks,200,392
1779032362181,Load Users 1-84,POST /batch mixed tasks,200,472
1779032362261,Load Users 1-31,GET /work random mode,200,396
1779032362583,Load Users 1-30,GET /work random mode,200,78
1779032362218,Load Users 1-91,GET /work random mode,200,443
1779032362344,Load Users 1-46,POST /batch mixed tasks,200,321
1779032362412,Load Users 1-26,GET /work random mode,200,257
1779032362097,Load Users 1-14,GET /work random mode,200,573
1779032362233,Load Users 1-99,GET /work random mode,200,437
1779032362209,Load Users 1-43,GET /work random mode,200,466
1779032362391,Load Users 1-77,POST /batch mixed tasks,200,289
1779032362447,Load Users 1-25,GET /work random mode,200,233
1779032361811,Load Users 1-1,POST /batch mixed tasks,200,869
1779032361926,Load Users 1-3,POST /batch mixed tasks,200,758
1779032362407,Load Users 1-95,GET /work random mode,200,278
1779032362382,Load Users 1-51,POST /batch mixed tasks,200,309
1779032362645,Load Users 1-10,POST /batch mixed tasks,200,49
1779032362061,Load Users 1-73,POST /batch mixed tasks,200,634
1779032362669,Load Users 1-55,GET /work random mode,200,30
1779032362592,Load Users 1-4,GET /work random mode,200,108
1779032362216,Load Users 1-86,GET /work random mode,200,487
1779032362608,Load Users 1-63,POST /batch mixed tasks,200,97
1779032362191,Load Users 1-81,POST /batch mixed tasks,200,515
1779032362480,Load Users 1-8,POST /batch mixed tasks,200,237
1779032362618,Load Users 1-61,GET /work random mode,200,105
1779032362208,Load Users 1-37,POST /batch mixed tasks,200,517
1779032362541,Load Users 1-34,GET /work random mode,200,186
1779032362155,Load Users 1-78,POST /batch mixed tasks,200,574
1779032361654,Load Users 1-74,POST /batch mixed tasks,200,1076
1779032362261,Load Users 1-100,POST /batch mixed tasks,200,471
1779032361585,Load Users 1-6,POST /batch mixed tasks,200,1147
1779032362722,Load Users 1-68,GET /work random mode,200,16
1779032362356,Load Users 1-89,GET /work random mode,200,388
1779032362540,Load Users 1-41,GET /work random mode,200,215
1779032362414,Load Users 1-15,POST /batch mixed tasks,200,342
1779032362475,Load Users 1-90,POST /batch mixed tasks,200,282
1779032362687,Load Users 1-2,POST /batch mixed tasks,200,76
1779032362447,Load Users 1-35,POST /batch mixed tasks,200,331
1779032362506,Load Users 1-54,GET /work random mode,200,275
1779032362552,Load Users 1-49,POST /batch mixed tasks,200,236
1779032362772,Load Users 1-3,GET /work random mode,200,17
1779032362772,Load Users 1-30,GET /work random mode,200,17
1779032362777,Load Users 1-4,GET /work random mode,200,15
1779032362734,Load Users 1-14,GET /work random mode,200,58
1779032362785,Load Users 1-37,GET /work random mode,200,8
1779032362722,Load Users 1-93,GET /work random mode,200,72
1779032362433,Load Users 1-82,GET /work random mode,200,362
1779032362382,Load Users 1-83,GET /work random mode,200,416
1779032362705,Load Users 1-52,GET /work random mode,200,94
1779032362354,Load Users 1-58,POST /batch mixed tasks,200,447
1779032362202,Load Users 1-18,POST /batch mixed tasks,200,600
1779032361646,Load Users 1-98,POST /batch mixed tasks,200,1160
1779032362479,Load Users 1-20,GET /work random mode,200,329
1779032362489,Load Users 1-5,POST /batch mixed tasks,200,320
1779032362351,Load Users 1-40,GET /work random mode,200,464
1779032362452,Load Users 1-22,GET /work random mode,200,365
1779032362399,Load Users 1-79,GET /work random mode,200,437
1779032362346,Load Users 1-71,GET /work random mode,200,495
1779032361665,Load Users 1-88,GET /work random mode,200,1186
1779032362835,Load Users 1-2,GET /work random mode,200,17
1779032362160,Load Users 1-67,POST /batch mixed tasks,200,695
1779032362282,Load Users 1-24,POST /batch mixed tasks,200,577
1779032362748,Load Users 1-8,GET /work random mode,200,115
1779032362836,Load Users 1-58,GET /work random mode,200,32
1779032361883,Load Users 1-13,GET /work random mode,200,985
1779032362059,Load Users 1-62,POST /batch mixed tasks,200,813
1779032362377,Load Users 1-44,POST /batch mixed tasks,200,502
1779032362264,Load Users 1-48,POST /batch mixed tasks,200,614
1779032362833,Load Users 1-54,GET /work random mode,200,57
1779032362181,Load Users 1-29,POST /batch mixed tasks,200,716
1779032362782,Load Users 1-95,GET /work random mode,200,121
1779032362873,Load Users 1-30,GET /work random mode,200,32
1779032362746,Load Users 1-46,POST /batch mixed tasks,200,163
1779032362720,Load Users 1-28,POST /batch mixed tasks,200,193
1779032362198,Load Users 1-92,POST /batch mixed tasks,200,716
1779032362854,Load Users 1-41,GET /work random mode,200,66
1779032362859,Load Users 1-6,GET /work random mode,200,76
1779032362593,Load Users 1-60,GET /work random mode,200,344
1779032362770,Load Users 1-34,GET /work random mode,200,172
1779032362252,Load Users 1-47,POST /batch mixed tasks,200,690
1779032362935,Load Users 1-58,GET /work random mode,200,9
1779032362924,Load Users 1-20,GET /work random mode,200,21
1779032362903,Load Users 1-71,GET /work random mode,200,45
1779032362840,Load Users 1-10,GET /work random mode,200,116
1779032362566,Load Users 1-87,POST /batch mixed tasks,200,403
1779032362871,Load Users 1-4,GET /work random mode,200,121
1779032362903,Load Users 1-3,GET /work random mode,200,89
1779032362891,Load Users 1-37,GET /work random mode,200,108
1779032362917,Load Users 1-98,POST /batch mixed tasks,200,88
1779032362636,Load Users 1-85,POST /batch mixed tasks,200,377
1779032362709,Load Users 1-70,GET /work random mode,200,304
1779032363003,Load Users 1-48,GET /work random mode,200,11
1779032362854,Load Users 1-100,POST /batch mixed tasks,200,161
1779032362732,Load Users 1-45,GET /work random mode,200,285
1779032362975,Load Users 1-67,GET /work random mode,200,47
1779032362638,Load Users 1-23,POST /batch mixed tasks,200,385
1779032362628,Load Users 1-75,POST /batch mixed tasks,200,397
1779032362781,Load Users 1-68,POST /batch mixed tasks,200,244
1779032362511,Load Users 1-12,POST /batch mixed tasks,200,514
1779032362920,Load Users 1-2,POST /batch mixed tasks,200,114
1779032362988,Load Users 1-88,GET /work random mode,200,46
1779032362972,Load Users 1-44,GET /work random mode,200,68
1779032363038,Load Users 1-46,GET /work random mode,200,9
1779032362800,Load Users 1-78,POST /batch mixed tasks,200,252
1779032362514,Load Users 1-56,GET /work random mode,200,545
1779032362747,Load Users 1-26,POST /batch mixed tasks,200,320
1779032362268,Load Users 1-59,POST /batch mixed tasks,200,801
1779032362789,Load Users 1-77,GET /work random mode,200,287
1779032362773,Load Users 1-63,POST /batch mixed tasks,200,306
1779032362908,Load Users 1-14,POST /batch mixed tasks,200,176
1779032362745,Load Users 1-73,GET /work random mode,200,342
1779032362560,Load Users 1-94,POST /batch mixed tasks,200,529
1779032362553,Load Users 1-66,POST /batch mixed tasks,200,538
1779032361980,Load Users 1-76,GET /work random mode,200,1110
1779032362821,Load Users 1-51,GET /work random mode,200,273
1779032363038,Load Users 1-58,GET /work random mode,200,61
1779032362529,Load Users 1-53,POST /batch mixed tasks,200,573
1779032362666,Load Users 1-21,POST /batch mixed tasks,200,436
1779032362906,Load Users 1-82,GET /work random mode,200,199
1779032362796,Load Users 1-43,POST /batch mixed tasks,200,318
1779032362554,Load Users 1-11,POST /batch mixed tasks,200,563
1779032362961,Load Users 1-40,GET /work random mode,200,157
1779032363110,Load Users 1-77,GET /work random mode,200,11
1779032363031,Load Users 1-29,GET /work random mode,200,90
1779032362733,Load Users 1-31,POST /batch mixed tasks,200,394
1779032362600,Load Users 1-57,POST /batch mixed tasks,200,528
1779032362826,Load Users 1-74,POST /batch mixed tasks,200,304
1779032362908,Load Users 1-79,POST /batch mixed tasks,200,224
1779032363131,Load Users 1-26,GET /work random mode,200,3
1779032362956,Load Users 1-62,POST /batch mixed tasks,200,181
1779032363048,Load Users 1-30,POST /batch mixed tasks,200,101
1779032363072,Load Users 1-4,GET /work random mode,200,83
1779032363002,Load Users 1-95,GET /work random mode,200,170
1779032363020,Load Users 1-34,GET /work random mode,200,155
1779032363156,Load Users 1-75,GET /work random mode,200,20
1779032362713,Load Users 1-97,POST /batch mixed tasks,200,468
1779032363140,Load Users 1-37,GET /work random mode,200,44
1779032362691,Load Users 1-9,POST /batch mixed tasks,200,499
1779032362484,Load Users 1-17,POST /batch mixed tasks,200,715
1779032362879,Load Users 1-89,POST /batch mixed tasks,200,322
1779032363063,Load Users 1-20,POST /batch mixed tasks,200,161
1779032362721,Load Users 1-65,POST /batch mixed tasks,200,506
1779032362787,Load Users 1-81,POST /batch mixed tasks,200,442
1779032362777,Load Users 1-1,POST /batch mixed tasks,200,458
1779032362950,Load Users 1-22,POST /batch mixed tasks,200,286
1779032362718,Load Users 1-27,POST /batch mixed tasks,200,531
1779032362714,Load Users 1-84,GET /work random mode,200,536
1779032362159,Load Users 1-36,POST /batch mixed tasks,200,1105
1779032362723,Load Users 1-42,GET /work random mode,200,544
1779032363227,Load Users 1-97,GET /work random mode,200,41
1779032363076,Load Users 1-2,GET /work random mode,200,194
1779032362919,Load Users 1-93,POST /batch mixed tasks,200,351
1779032363018,Load Users 1-92,GET /work random mode,200,257
1779032362968,Load Users 1-6,POST /batch mixed tasks,200,308
1779032362947,Load Users 1-54,GET /work random mode,200,332
1779032362242,Load Users 1-19,POST /batch mixed tasks,200,1037
1779032363177,Load Users 1-66,GET /work random mode,200,105
1779032362932,Load Users 1-8,GET /work random mode,200,351
1779032363284,Load Users 1-1,GET /work random mode,200,7
1779032362970,Load Users 1-28,GET /work random mode,200,326
1779032362378,Load Users 1-64,POST /batch mixed tasks,200,918
1779032362175,Load Users 1-69,POST /batch mixed tasks,200,1122
1779032363230,Load Users 1-77,GET /work random mode,200,80
1779032363261,Load Users 1-74,GET /work random mode,200,49
1779032363068,Load Users 1-70,POST /batch mixed tasks,200,243
1779032363126,Load Users 1-94,POST /batch mixed tasks,200,192
1779032363237,Load Users 1-9,GET /work random mode,200,86
1779032363056,Load Users 1-71,GET /work random mode,200,268
1779032363248,Load Users 1-58,GET /work random mode,200,81
1779032362703,Load Users 1-72,POST /batch mixed tasks,200,637
1779032362768,Load Users 1-91,POST /batch mixed tasks,200,577
1779032362977,Load Users 1-60,POST /batch mixed tasks,200,372
1779032363207,Load Users 1-30,GET /work random mode,200,142
1779032362777,Load Users 1-61,POST /batch mixed tasks,200,592
1779032362819,Load Users 1-55,GET /work random mode,200,550
1779032362872,Load Users 1-15,POST /batch mixed tasks,200,505
1779032362997,Load Users 1-13,POST /batch mixed tasks,200,389
1779032363222,Load Users 1-43,GET /work random mode,200,167
1779032363087,Load Users 1-48,POST /batch mixed tasks,200,303
1779032362982,Load Users 1-41,POST /batch mixed tasks,200,411
1779032363329,Load Users 1-64,GET /work random mode,200,65
1779032363350,Load Users 1-93,GET /work random mode,200,45
1779032363362,Load Users 1-69,GET /work random mode,200,34
1779032363134,Load Users 1-76,POST /batch mixed tasks,200,263
1779032362653,Load Users 1-39,POST /batch mixed tasks,200,748
1779032363114,Load Users 1-59,POST /batch mixed tasks,200,288
1779032363222,Load Users 1-75,POST /batch mixed tasks,200,184
1779032363378,Load Users 1-27,GET /work random mode,200,34
1779032363141,Load Users 1-3,POST /batch mixed tasks,200,275
1779032362691,Load Users 1-33,GET /work random mode,200,726
1779032363098,Load Users 1-68,GET /work random mode,200,320
1779032362851,Load Users 1-49,GET /work random mode,200,569
1779032363307,Load Users 1-84,POST /batch mixed tasks,200,116
1779032362695,Load Users 1-80,GET /work random mode,200,729
1779032363159,Load Users 1-12,GET /work random mode,200,267
1779032363179,Load Users 1-56,POST /batch mixed tasks,200,257
1779032362730,Load Users 1-99,POST /batch mixed tasks,200,715
1779032362686,Load Users 1-32,GET /work random mode,200,760
1779032362527,Load Users 1-16,POST /batch mixed tasks,200,924
1779032362940,Load Users 1-5,POST /batch mixed tasks,200,511
1779032363185,Load Users 1-46,POST /batch mixed tasks,200,267
1779032363062,Load Users 1-67,POST /batch mixed tasks,200,391
1779032363164,Load Users 1-100,POST /batch mixed tasks,200,293
1779032362718,Load Users 1-96,GET /work random mode,200,747
1779032363329,Load Users 1-37,GET /work random mode,200,142
1779032362929,Load Users 1-18,POST /batch mixed tasks,200,547
1779032363351,Load Users 1-8,GET /work random mode,200,130
1779032362947,Load Users 1-24,GET /work random mode,200,536
1779032362740,Load Users 1-7,GET /work random mode,200,748
1779032363344,Load Users 1-70,POST /batch mixed tasks,200,144
1779032362743,Load Users 1-86,POST /batch mixed tasks,200,748
1779032363242,Load Users 1-89,POST /batch mixed tasks,200,255
1779032363497,Load Users 1-49,GET /work random mode,200,3
1779032362848,Load Users 1-90,GET /work random mode,200,656
1779032363412,Load Users 1-19,GET /work random mode,200,95
1779032363075,Load Users 1-98,POST /batch mixed tasks,200,435
1779032363155,Load Users 1-63,POST /batch mixed tasks,200,359
1779032363201,Load Users 1-29,POST /batch mixed tasks,200,332
1779032363514,Load Users 1-12,GET /work random mode,200,21
1779032363548,Load Users 1-98,GET /work random mode,200,5
1779032363201,Load Users 1-82,GET /work random mode,200,354
1779032363108,Load Users 1-44,GET /work random mode,200,459
1779032363343,Load Users 1-97,POST /batch mixed tasks,200,226
1779032362942,Load Users 1-83,POST /batch mixed tasks,200,628
1779032363342,Load Users 1-77,GET /work random mode,200,230
1779032363151,Load Users 1-88,POST /batch mixed tasks,200,424
1779032363234,Load Users 1-53,POST /batch mixed tasks,200,342
1779032363445,Load Users 1-60,GET /work random mode,200,135
1779032363252,Load Users 1-57,POST /batch mixed tasks,200,328
1779032363457,Load Users 1-30,GET /work random mode,200,123
1779032363360,Load Users 1-81,POST /batch mixed tasks,200,231
1779032363365,Load Users 1-65,POST /batch mixed tasks,200,227
1779032363275,Load Users 1-4,POST /batch mixed tasks,200,318
1779032363477,Load Users 1-56,GET /work random mode,200,121
1779032363202,Load Users 1-26,POST /batch mixed tasks,200,398
1779032363130,Load Users 1-23,GET /work random mode,200,470
1779032363398,Load Users 1-58,GET /work random mode,200,206
1779032363449,Load Users 1-55,GET /work random mode,200,155
1779032363531,Load Users 1-39,GET /work random mode,200,74
1779032363554,Load Users 1-3,GET /work random mode,200,66
1779032363587,Load Users 1-67,GET /work random mode,200,56
1779032363349,Load Users 1-20,GET /work random mode,200,301
1779032363436,Load Users 1-91,POST /batch mixed tasks,200,218
1779032363636,Load Users 1-44,GET /work random mode,200,19
1779032363207,Load Users 1-40,POST /batch mixed tasks,200,451
1779032363605,Load Users 1-63,GET /work random mode,200,55
1779032363544,Load Users 1-19,GET /work random mode,200,117
1779032363440,Load Users 1-43,GET /work random mode,200,233
1779032363282,Load Users 1-34,POST /batch mixed tasks,200,392
1779032362924,Load Users 1-52,POST /batch mixed tasks,200,754
1779032363459,Load Users 1-69,GET /work random mode,200,223
1779032363590,Load Users 1-70,GET /work random mode,200,94
1779032363684,Load Users 1-88,GET /work random mode,200,4
1779032363549,Load Users 1-99,GET /work random mode,200,147
1779032363677,Load Users 1-65,GET /work random mode,200,26
1779032363248,Load Users 1-21,POST /batch mixed tasks,200,457
1779032363413,Load Users 1-9,POST /batch mixed tasks,200,293
1779032363639,Load Users 1-89,GET /work random mode,200,69
1779032363449,Load Users 1-13,GET /work random mode,200,261
1779032362610,Load Users 1-38,GET /work random mode,200,1104
1779032363539,Load Users 1-37,POST /batch mixed tasks,200,181
1779032362996,Load Users 1-47,POST /batch mixed tasks,200,731
1779032363079,Load Users 1-85,GET /work random mode,200,653
1779032363205,Load Users 1-73,POST /batch mixed tasks,200,527
1779032363209,Load Users 1-11,POST /batch mixed tasks,200,525
1779032363620,Load Users 1-77,POST /batch mixed tasks,200,118
1779032363239,Load Users 1-62,POST /batch mixed tasks,200,506
1779032363649,Load Users 1-53,GET /work random mode,200,97
1779032363713,Load Users 1-4,GET /work random mode,200,35
1779032363739,Load Users 1-88,GET /work random mode,200,11
1779032363321,Load Users 1-66,POST /batch mixed tasks,200,430
1779032362567,Load Users 1-50,GET /work random mode,200,1192
1779032363715,Load Users 1-44,GET /work random mode,200,47
1779032363440,Load Users 1-76,POST /batch mixed tasks,200,323
1779032363755,Load Users 1-13,GET /work random mode,200,11
1779032363101,Load Users 1-87,POST /batch mixed tasks,200,675
1779032363394,Load Users 1-94,POST /batch mixed tasks,200,382
1779032363534,Load Users 1-86,GET /work random mode,200,242
1779032363533,Load Users 1-93,GET /work random mode,200,247
1779032363743,Load Users 1-43,GET /work random mode,200,39
1779032363370,Load Users 1-2,POST /batch mixed tasks,200,419
1779032363239,Load Users 1-51,POST /batch mixed tasks,200,552
1779032363755,Load Users 1-40,GET /work random mode,200,43
1779032363690,Load Users 1-82,POST /batch mixed tasks,200,111
1779032363799,Load Users 1-37,GET /work random mode,200,3
1779032363806,Load Users 1-63,GET /work random mode,200,7
1779032363741,Load Users 1-9,GET /work random mode,200,76
1779032363150,Load Users 1-45,POST /batch mixed tasks,200,668
1779032362742,Load Users 1-25,POST /batch mixed tasks,200,1077
1779032363499,Load Users 1-80,POST /batch mixed tasks,200,326
1779032363712,Load Users 1-30,POST /batch mixed tasks,200,121
1779032363575,Load Users 1-5,POST /batch mixed tasks,200,261
1779032363175,Load Users 1-31,GET /work random mode,200,669
1779032363516,Load Users 1-33,POST /batch mixed tasks,200,331
1779032363564,Load Users 1-100,POST /batch mixed tasks,200,285
1779032363360,Load Users 1-1,POST /batch mixed tasks,200,495
1779032363688,Load Users 1-60,POST /batch mixed tasks,200,171
1779032363837,Load Users 1-73,GET /work random mode,200,23
1779032363620,Load Users 1-29,POST /batch mixed tasks,200,264
1779032363569,Load Users 1-7,POST /batch mixed tasks,200,317
1779032363740,Load Users 1-69,POST /batch mixed tasks,200,149
1779032363647,Load Users 1-98,GET /work random mode,200,244
1779032363690,Load Users 1-20,GET /work random mode,200,202
1779032363736,Load Users 1-23,POST /batch mixed tasks,200,159
1779032363592,Load Users 1-12,GET /work random mode,200,309
1779032363659,Load Users 1-83,POST /batch mixed tasks,200,245
1779032363810,Load Users 1-21,POST /batch mixed tasks,200,96
1779032363745,Load Users 1-67,POST /batch mixed tasks,200,181
1779032363823,Load Users 1-88,GET /work random mode,200,109
1779032363473,Load Users 1-15,POST /batch mixed tasks,200,465
1779032363484,Load Users 1-72,POST /batch mixed tasks,200,455
1779032363626,Load Users 1-24,GET /work random mode,200,316
1779032363425,Load Users 1-74,POST /batch mixed tasks,200,521
1779032363102,Load Users 1-78,POST /batch mixed tasks,200,849
1779032363753,Load Users 1-99,GET /work random mode,200,210
1779032363533,Load Users 1-59,POST /batch mixed tasks,200,441
1779032363549,Load Users 1-68,POST /batch mixed tasks,200,428
1779032363532,Load Users 1-75,POST /batch mixed tasks,200,451
1779032363259,Load Users 1-79,GET /work random mode,200,735
1779032363494,Load Users 1-32,GET /work random mode,200,503
1779032363696,Load Users 1-58,POST /batch mixed tasks,200,301
1779032363770,Load Users 1-3,GET /work random mode,200,233
1779032363864,Load Users 1-51,GET /work random mode,200,145
1779032363658,Load Users 1-57,POST /batch mixed tasks,200,352
1779032363700,Load Users 1-39,GET /work random mode,200,310
1779032363513,Load Users 1-27,GET /work random mode,200,507
1779032363719,Load Users 1-55,POST /batch mixed tasks,200,305
1779032364015,Load Users 1-7,GET /work random mode,200,15
1779032363472,Load Users 1-64,GET /work random mode,200,565
1779032363820,Load Users 1-66,GET /work random mode,200,223
1779032363712,Load Users 1-91,POST /batch mixed tasks,200,336
1779032363356,Load Users 1-22,GET /work random mode,200,700
1779032363569,Load Users 1-16,POST /batch mixed tasks,200,488
1779032364019,Load Users 1-21,GET /work random mode,200,44
1779032363536,Load Users 1-18,GET /work random mode,200,529
1779032363513,Load Users 1-8,POST /batch mixed tasks,200,553
1779032363435,Load Users 1-28,GET /work random mode,200,633
1779032363813,Load Users 1-34,POST /batch mixed tasks,200,257
1779032363514,Load Users 1-61,POST /batch mixed tasks,200,556
1779032363094,Load Users 1-10,POST /batch mixed tasks,200,986
1779032363870,Load Users 1-11,POST /batch mixed tasks,200,210
1779032363942,Load Users 1-9,GET /work random mode,200,141
1779032364069,Load Users 1-64,GET /work random mode,200,15
1779032363884,Load Users 1-53,GET /work random mode,200,203
1779032363863,Load Users 1-62,GET /work random mode,200,233
1779032363740,Load Users 1-56,GET /work random mode,200,361
1779032363252,Load Users 1-95,POST /batch mixed tasks,200,878
1779032363323,Load Users 1-36,GET /work random mode,200,813
1779032363477,Load Users 1-41,POST /batch mixed tasks,200,659
1779032364044,Load Users 1-3,GET /work random mode,200,98
1779032363264,Load Users 1-17,GET /work random mode,200,889
1779032363899,Load Users 1-80,POST /batch mixed tasks,200,257
1779032364146,Load Users 1-28,GET /work random mode,200,11
1779032363120,Load Users 1-14,POST /batch mixed tasks,200,1045
1779032363483,Load Users 1-48,POST /batch mixed tasks,200,683
1779032363865,Load Users 1-47,POST /batch mixed tasks,200,301
1779032363888,Load Users 1-44,POST /batch mixed tasks,200,287
1779032363934,Load Users 1-40,POST /batch mixed tasks,200,251
1779032364073,Load Users 1-55,GET /work random mode,200,118
1779032363767,Load Users 1-85,POST /batch mixed tasks,200,429
1779032363351,Load Users 1-6,POST /batch mixed tasks,200,848
1779032363586,Load Users 1-90,GET /work random mode,200,614
1779032363536,Load Users 1-49,POST /batch mixed tasks,200,666
1779032363810,Load Users 1-52,GET /work random mode,200,394
1779032363748,Load Users 1-38,POST /batch mixed tasks,200,460
1779032364135,Load Users 1-56,GET /work random mode,200,76
1779032363688,Load Users 1-97,POST /batch mixed tasks,200,525
1779032363391,Load Users 1-92,POST /batch mixed tasks,200,840
1779032364095,Load Users 1-99,GET /work random mode,200,141
1779032363990,Load Users 1-98,POST /batch mixed tasks,200,248
1779032363359,Load Users 1-54,GET /work random mode,200,885
1779032364054,Load Users 1-51,POST /batch mixed tasks,200,192
1779032364122,Load Users 1-32,GET /work random mode,200,125
1779032364067,Load Users 1-67,GET /work random mode,200,181
1779032363823,Load Users 1-4,POST /batch mixed tasks,200,435
1779032364209,Load Users 1-62,POST /batch mixed tasks,200,55
1779032363790,Load Users 1-77,POST /batch mixed tasks,200,474
1779032363734,Load Users 1-19,POST /batch mixed tasks,200,530
1779032363629,Load Users 1-81,POST /batch mixed tasks,200,639
1779032363766,Load Users 1-70,POST /batch mixed tasks,200,507
1779032363916,Load Users 1-86,POST /batch mixed tasks,200,364
1779032363555,Load Users 1-84,POST /batch mixed tasks,200,728
1779032363911,Load Users 1-82,POST /batch mixed tasks,200,372
1779032364037,Load Users 1-83,POST /batch mixed tasks,200,248
1779032364094,Load Users 1-57,GET /work random mode,200,194
1779032363802,Load Users 1-13,POST /batch mixed tasks,200,490
1779032364206,Load Users 1-53,GET /work random mode,200,86
1779032363887,Load Users 1-43,POST /batch mixed tasks,200,414
1779032363954,Load Users 1-45,GET /work random mode,200,355
1779032363858,Load Users 1-87,POST /batch mixed tasks,200,452
1779032364165,Load Users 1-91,GET /work random mode,200,146
1779032363403,Load Users 1-42,POST /batch mixed tasks,200,910
1779032364110,Load Users 1-79,GET /work random mode,200,204
1779032363978,Load Users 1-5,POST /batch mixed tasks,200,337
1779032364200,Load Users 1-17,GET /work random mode,200,115
1779032363981,Load Users 1-15,POST /batch mixed tasks,200,335
1779032363973,Load Users 1-24,POST /batch mixed tasks,200,345
1779032363940,Load Users 1-29,POST /batch mixed tasks,200,386
1779032364283,Load Users 1-44,GET /work random mode,200,43
1779032364316,Load Users 1-98,GET /work random mode,200,20
1779032363883,Load Users 1-31,GET /work random mode,200,455
1779032364304,Load Users 1-6,GET /work random mode,200,38
1779032363899,Load Users 1-2,POST /batch mixed tasks,200,445
1779032363928,Load Users 1-1,POST /batch mixed tasks,200,416
1779032364071,Load Users 1-68,GET /work random mode,200,276
1779032363735,Load Users 1-26,GET /work random mode,200,614
1779032364302,Load Users 1-40,GET /work random mode,200,48
1779032364177,Load Users 1-16,POST /batch mixed tasks,200,177
1779032364308,Load Users 1-56,GET /work random mode,200,50
1779032363998,Load Users 1-100,GET /work random mode,200,371
1779032364013,Load Users 1-23,POST /batch mixed tasks,200,357
1779032363935,Load Users 1-73,POST /batch mixed tasks,200,444
1779032364263,Load Users 1-85,GET /work random mode,200,121
1779032363964,Load Users 1-30,GET /work random mode,200,423
1779032362874,Load Users 1-35,GET /work random mode,200,1514
1779032364335,Load Users 1-81,GET /work random mode,200,58
1779032364099,Load Users 1-18,POST /batch mixed tasks,200,295
1779032364031,Load Users 1-69,GET /work random mode,200,363
1779032364326,Load Users 1-99,GET /work random mode,200,69
1779032364320,Load Users 1-38,GET /work random mode,200,78
1779032363431,Load Users 1-71,POST /batch mixed tasks,200,970
1779032364110,Load Users 1-27,GET /work random mode,200,298
1779032364193,Load Users 1-21,POST /batch mixed tasks,200,220
1779032364008,Load Users 1-72,POST /batch mixed tasks,200,407
1779032364050,Load Users 1-58,POST /batch mixed tasks,200,372
1779032363934,Load Users 1-33,GET /work random mode,200,491
1779032363832,Load Users 1-76,GET /work random mode,200,596
1779032364156,Load Users 1-7,POST /batch mixed tasks,200,273
1779032364322,Load Users 1-4,GET /work random mode,200,112
1779032364437,Load Users 1-91,GET /work random mode,200,10
1779032363567,Load Users 1-96,POST /batch mixed tasks,200,884
1779032363910,Load Users 1-25,POST /batch mixed tasks,200,546
1779032364353,Load Users 1-97,POST /batch mixed tasks,200,103
1779032364180,Load Users 1-8,GET /work random mode,200,283
1779032363975,Load Users 1-60,POST /batch mixed tasks,200,491
1779032364124,Load Users 1-64,POST /batch mixed tasks,200,344
1779032364026,Load Users 1-12,GET /work random mode,200,445
1779032364020,Load Users 1-74,POST /batch mixed tasks,200,453
1779032364464,Load Users 1-2,GET /work random mode,200,9
1779032364291,Load Users 1-67,GET /work random mode,200,191
1779032364394,Load Users 1-62,POST /batch mixed tasks,200,99
1779032364195,Load Users 1-10,POST /batch mixed tasks,200,305
1779032364093,Load Users 1-66,POST /batch mixed tasks,200,408
1779032364222,Load Users 1-3,POST /batch mixed tasks,200,281
1779032364451,Load Users 1-35,GET /work random mode,200,54
1779032364484,Load Users 1-81,GET /work random mode,200,25
1779032364180,Load Users 1-22,GET /work random mode,200,337
1779032364367,Load Users 1-42,POST /batch mixed tasks,200,155
1779032364370,Load Users 1-15,GET /work random mode,200,157
1779032364047,Load Users 1-78,POST /batch mixed tasks,200,487
1779032364459,Load Users 1-69,GET /work random mode,200,78
1779032364534,Load Users 1-2,GET /work random mode,200,9
1779032364417,Load Users 1-29,GET /work random mode,200,135
1779032364479,Load Users 1-27,GET /work random mode,200,76
1779032363823,Load Users 1-89,POST /batch mixed tasks,200,734
1779032364250,Load Users 1-90,GET /work random mode,200,309
1779032364287,Load Users 1-49,POST /batch mixed tasks,200,272
1779032364357,Load Users 1-54,GET /work random mode,200,204
1779032364539,Load Users 1-33,GET /work random mode,200,29
1779032364110,Load Users 1-59,POST /batch mixed tasks,200,458
1779032363915,Load Users 1-37,POST /batch mixed tasks,200,662
1779032364452,Load Users 1-24,GET /work random mode,200,130
1779032364478,Load Users 1-18,GET /work random mode,200,108
1779032364570,Load Users 1-74,GET /work random mode,200,17
1779032363854,Load Users 1-50,POST /batch mixed tasks,200,735
1779032364498,Load Users 1-96,GET /work random mode,200,101
1779032364600,Load Users 1-29,GET /work random mode,200,4
1779032363881,Load Users 1-94,GET /work random mode,200,727
1779032364270,Load Users 1-41,GET /work random mode,200,341
1779032364602,Load Users 1-35,GET /work random mode,200,10
1779032364165,Load Users 1-9,POST /batch mixed tasks,200,466
1779032364385,Load Users 1-77,GET /work random mode,200,257
1779032364094,Load Users 1-75,POST /batch mixed tasks,200,548
1779032364196,Load Users 1-80,POST /batch mixed tasks,200,448
1779032364212,Load Users 1-61,POST /batch mixed tasks,200,434
1779032364526,Load Users 1-62,GET /work random mode,200,122
1779032364535,Load Users 1-8,POST /batch mixed tasks,200,114
1779032364290,Load Users 1-32,POST /batch mixed tasks,200,359
1779032364217,Load Users 1-95,POST /batch mixed tasks,200,437
1779032364602,Load Users 1-97,GET /work random mode,200,52
1779032364411,Load Users 1-82,POST /batch mixed tasks,200,246
1779032364533,Load Users 1-3,GET /work random mode,200,125
1779032364413,Load Users 1-6,POST /batch mixed tasks,200,253
1779032364243,Load Users 1-52,POST /batch mixed tasks,200,441
1779032364018,Load Users 1-20,GET /work random mode,200,666
1779032363927,Load Users 1-63,POST /batch mixed tasks,200,768
1779032364359,Load Users 1-84,GET /work random mode,200,338
1779032364672,Load Users 1-50,GET /work random mode,200,35
1779032364418,Load Users 1-23,GET /work random mode,200,289
1779032364336,Load Users 1-53,GET /work random mode,200,373
1779032364690,Load Users 1-49,GET /work random mode,200,21
1779032364375,Load Users 1-13,POST /batch mixed tasks,200,344
1779032364399,Load Users 1-26,GET /work random mode,200,320
1779032364212,Load Users 1-34,POST /batch mixed tasks,200,532
1779032364590,Load Users 1-64,POST /batch mixed tasks,200,157
1779032364693,Load Users 1-37,GET /work random mode,200,56
1779032364501,Load Users 1-60,POST /batch mixed tasks,200,253
1779032364428,Load Users 1-79,POST /batch mixed tasks,200,327
1779032364702,Load Users 1-8,GET /work random mode,200,67
1779032364324,Load Users 1-86,POST /batch mixed tasks,200,446
1779032364351,Load Users 1-57,POST /batch mixed tasks,200,419
1779032364631,Load Users 1-24,GET /work random mode,200,158
1779032364765,Load Users 1-63,GET /work random mode,200,24
1779032364205,Load Users 1-47,GET /work random mode,200,584
1779032364485,Load Users 1-21,GET /work random mode,200,304
1779032364133,Load Users 1-11,GET /work random mode,200,661
1779032364531,Load Users 1-85,POST /batch mixed tasks,200,277
1779032364634,Load Users 1-59,GET /work random mode,200,177
1779032364384,Load Users 1-87,POST /batch mixed tasks,200,430
1779032364789,Load Users 1-49,GET /work random mode,200,26
1779032364751,Load Users 1-29,GET /work random mode,200,65
1779032364302,Load Users 1-55,POST /batch mixed tasks,200,521
1779032364372,Load Users 1-51,POST /batch mixed tasks,200,453
1779032364789,Load Users 1-34,GET /work random mode,200,37
1779032364667,Load Users 1-15,POST /batch mixed tasks,200,165
1779032364191,Load Users 1-28,GET /work random mode,200,643
1779032363513,Load Users 1-46,POST /batch mixed tasks,200,1324
1779032363905,Load Users 1-93,POST /batch mixed tasks,200,936
1779032363811,Load Users 1-65,POST /batch mixed tasks,200,1034
1779032364730,Load Users 1-3,GET /work random mode,200,115
1779032364430,Load Users 1-16,POST /batch mixed tasks,200,418
1779032364410,Load Users 1-43,POST /batch mixed tasks,200,443
1779032364724,Load Users 1-77,GET /work random mode,200,131
1779032364064,Load Users 1-39,POST /batch mixed tasks,200,792
1779032364365,Load Users 1-17,POST /batch mixed tasks,200,494
1779032364699,Load Users 1-80,GET /work random mode,200,169
1779032364848,Load Users 1-29,GET /work random mode,200,45
1779032364418,Load Users 1-70,POST /batch mixed tasks,200,476
1779032364553,Load Users 1-7,POST /batch mixed tasks,200,344
1779032364414,Load Users 1-98,POST /batch mixed tasks,200,483
1779032364833,Load Users 1-8,GET /work random mode,200,66
1779032364660,Load Users 1-18,POST /batch mixed tasks,200,246
1779032364636,Load Users 1-27,GET /work random mode,200,271
1779032364588,Load Users 1-78,GET /work random mode,200,323
1779032364606,Load Users 1-90,GET /work random mode,200,305
1779032364492,Load Users 1-4,GET /work random mode,200,420
1779032364356,Load Users 1-92,POST /batch mixed tasks,200,559
1779032364411,Load Users 1-45,POST /batch mixed tasks,200,506
1779032364735,Load Users 1-84,POST /batch mixed tasks,200,183
1779032364497,Load Users 1-56,POST /batch mixed tasks,200,424
1779032364842,Load Users 1-26,GET /work random mode,200,86
1779032364413,Load Users 1-1,GET /work random mode,200,515
1779032364418,Load Users 1-30,POST /batch mixed tasks,200,511
1779032364648,Load Users 1-2,GET /work random mode,200,282
1779032364238,Load Users 1-48,POST /batch mixed tasks,200,711
1779032364339,Load Users 1-83,POST /batch mixed tasks,200,611
1779032364866,Load Users 1-87,GET /work random mode,200,84
1779032364724,Load Users 1-52,GET /work random mode,200,229
1779032364623,Load Users 1-69,GET /work random mode,200,333
1779032364434,Load Users 1-40,POST /batch mixed tasks,200,524
1779032364706,Load Users 1-95,GET /work random mode,200,265
1779032364962,Load Users 1-8,GET /work random mode,200,17
1779032364252,Load Users 1-14,GET /work random mode,200,736
1779032364919,Load Users 1-21,GET /work random mode,200,69
1779032364839,Load Users 1-13,POST /batch mixed tasks,200,152
1779032364607,Load Users 1-54,GET /work random mode,200,400
1779032364789,Load Users 1-20,POST /batch mixed tasks,200,219
1779032364653,Load Users 1-74,GET /work random mode,200,355
1779032364518,Load Users 1-99,POST /batch mixed tasks,200,493
1779032364830,Load Users 1-47,POST /batch mixed tasks,200,182
1779032364595,Load Users 1-91,POST /batch mixed tasks,200,418
1779032364774,Load Users 1-32,POST /batch mixed tasks,200,244
1779032364448,Load Users 1-100,GET /work random mode,200,575
1779032364299,Load Users 1-19,POST /batch mixed tasks,200,731
1779032365002,Load Users 1-18,GET /work random mode,200,31
1779032365003,Load Users 1-92,GET /work random mode,200,42
1779032364961,Load Users 1-49,GET /work random mode,200,87
1779032364462,Load Users 1-38,GET /work random mode,200,592
1779032364007,Load Users 1-88,POST /batch mixed tasks,200,1065
1779032364926,Load Users 1-85,POST /batch mixed tasks,200,153
1779032364351,Load Users 1-5,POST /batch mixed tasks,200,738
1779032364552,Load Users 1-66,POST /batch mixed tasks,200,538
1779032365067,Load Users 1-2,GET /work random mode,200,27
1779032365071,Load Users 1-20,GET /work random mode,200,25
1779032364631,Load Users 1-67,GET /work random mode,200,474
1779032364461,Load Users 1-73,POST /batch mixed tasks,200,646
1779032365057,Load Users 1-99,GET /work random mode,200,51
1779032364825,Load Users 1-86,POST /batch mixed tasks,200,285
1779032364722,Load Users 1-6,POST /batch mixed tasks,200,389
1779032364884,Load Users 1-55,POST /batch mixed tasks,200,234
1779032364693,Load Users 1-96,POST /batch mixed tasks,200,429
1779032365085,Load Users 1-91,GET /work random mode,200,37
1779032364954,Load Users 1-34,GET /work random mode,200,169
1779032365059,Load Users 1-95,GET /work random mode,200,66
1779032364790,Load Users 1-37,POST /batch mixed tasks,200,343
1779032364430,Load Users 1-31,GET /work random mode,200,705
1779032364689,Load Users 1-89,GET /work random mode,200,448
1779032364760,Load Users 1-82,GET /work random mode,200,379
1779032364529,Load Users 1-72,POST /batch mixed tasks,200,611
1779032364999,Load Users 1-98,POST /batch mixed tasks,200,147
1779032365131,Load Users 1-21,GET /work random mode,200,21
1779032364580,Load Users 1-10,POST /batch mixed tasks,200,578
1779032364949,Load Users 1-84,GET /work random mode,200,211
1779032364623,Load Users 1-33,POST /batch mixed tasks,200,541
1779032364912,Load Users 1-28,POST /batch mixed tasks,200,263
1779032364758,Load Users 1-41,POST /batch mixed tasks,200,420
1779032364604,Load Users 1-25,POST /batch mixed tasks,200,574
1779032365052,Load Users 1-32,GET /work random mode,200,131
1779032364845,Load Users 1-64,GET /work random mode,200,347
1779032364939,Load Users 1-65,POST /batch mixed tasks,200,254
1779032365021,Load Users 1-90,POST /batch mixed tasks,200,176
1779032365189,Load Users 1-6,GET /work random mode,200,8
1779032364789,Load Users 1-62,POST /batch mixed tasks,200,422
1779032365087,Load Users 1-83,GET /work random mode,200,126
1779032364964,Load Users 1-45,POST /batch mixed tasks,200,251
1779032364463,Load Users 1-71,POST /batch mixed tasks,200,752
1779032364759,Load Users 1-53,GET /work random mode,200,467
1779032365170,Load Users 1-86,POST /batch mixed tasks,200,60
1779032365231,Load Users 1-5,GET /work random mode,200,4
1779032364720,Load Users 1-97,POST /batch mixed tasks,200,515
1779032364674,Load Users 1-9,POST /batch mixed tasks,200,562
1779032365059,Load Users 1-87,GET /work random mode,200,178
1779032365086,Load Users 1-74,POST /batch mixed tasks,200,152
1779032365194,Load Users 1-89,GET /work random mode,200,47
1779032365114,Load Users 1-19,GET /work random mode,200,130
1779032364959,Load Users 1-78,POST /batch mixed tasks,200,286
1779032364989,Load Users 1-56,POST /batch mixed tasks,200,258
1779032365247,Load Users 1-90,GET /work random mode,200,2
1779032364509,Load Users 1-58,POST /batch mixed tasks,200,742
1779032365111,Load Users 1-38,POST /batch mixed tasks,200,144
1779032364971,Load Users 1-46,GET /work random mode,200,291
1779032365217,Load Users 1-98,GET /work random mode,200,47
1779032364714,Load Users 1-35,POST /batch mixed tasks,200,550
1779032364997,Load Users 1-77,GET /work random mode,200,276
1779032364919,Load Users 1-17,POST /batch mixed tasks,200,358
1779032364912,Load Users 1-63,POST /batch mixed tasks,200,365
1779032365214,Load Users 1-82,GET /work random mode,200,64
1779032364458,Load Users 1-44,GET /work random mode,200,820
1779032364946,Load Users 1-59,GET /work random mode,200,342
1779032365104,Load Users 1-18,POST /batch mixed tasks,200,190
1779032364834,Load Users 1-50,GET /work random mode,200,462
1779032364932,Load Users 1-7,GET /work random mode,200,364
1779032364197,Load Users 1-36,POST /batch mixed tasks,200,1111
1779032365189,Load Users 1-67,GET /work random mode,200,128
1779032365084,Load Users 1-48,POST /batch mixed tasks,200,246
1779032364708,Load Users 1-94,POST /batch mixed tasks,200,622
1779032365316,Load Users 1-44,GET /work random mode,200,16
1779032364991,Load Users 1-4,POST /batch mixed tasks,200,342
1779032365011,Load Users 1-8,POST /batch mixed tasks,200,323
1779032364789,Load Users 1-61,POST /batch mixed tasks,200,550
1779032365253,Load Users 1-83,GET /work random mode,200,88
1779032364560,Load Users 1-12,GET /work random mode,200,781
1779032364438,Load Users 1-68,GET /work random mode,200,906
1779032365231,Load Users 1-33,POST /batch mixed tasks,200,115
1779032365145,Load Users 1-54,GET /work random mode,200,210
1779032364889,Load Users 1-16,POST /batch mixed tasks,200,467
1779032365320,Load Users 1-25,GET /work random mode,200,38
1779032365018,Load Users 1-27,POST /batch mixed tasks,200,346
1779032365375,Load Users 1-8,GET /work random mode,200,8
1779032365317,Load Users 1-19,GET /work random mode,200,67
1779032364893,Load Users 1-39,POST /batch mixed tasks,200,498
1779032364676,Load Users 1-75,POST /batch mixed tasks,200,720
1779032365022,Load Users 1-69,POST /batch mixed tasks,200,382
1779032365326,Load Users 1-71,GET /work random mode,200,83
1779032365351,Load Users 1-50,GET /work random mode,200,59
1779032364886,Load Users 1-51,POST /batch mixed tasks,200,524
1779032364820,Load Users 1-79,GET /work random mode,200,593
1779032364972,Load Users 1-3,GET /work random mode,200,466
1779032365416,Load Users 1-83,GET /work random mode,200,26
1779032364832,Load Users 1-11,GET /work random mode,200,619
1779032364979,Load Users 1-93,GET /work random mode,200,473
1779032364938,Load Users 1-70,POST /batch mixed tasks,200,516
1779032364590,Load Users 1-22,POST /batch mixed tasks,200,869
1779032365321,Load Users 1-65,POST /batch mixed tasks,200,139
1779032364972,Load Users 1-80,GET /work random mode,200,494
1779032364935,Load Users 1-43,POST /batch mixed tasks,200,532
1779032364653,Load Users 1-81,POST /batch mixed tasks,200,827
1779032365393,Load Users 1-63,GET /work random mode,200,87
1779032364976,Load Users 1-15,GET /work random mode,200,516
1779032365424,Load Users 1-8,POST /batch mixed tasks,200,78
1779032365448,Load Users 1-4,GET /work random mode,200,54
1779032365291,Load Users 1-86,POST /batch mixed tasks,200,211
1779032365042,Load Users 1-29,POST /batch mixed tasks,200,469
1779032365249,Load Users 1-72,POST /batch mixed tasks,200,262
1779032365277,Load Users 1-87,POST /batch mixed tasks,200,235
1779032365333,Load Users 1-35,POST /batch mixed tasks,200,179
1779032365489,Load Users 1-22,GET /work random mode,200,27
1779032365505,Load Users 1-39,GET /work random mode,200,12
1779032364966,Load Users 1-30,POST /batch mixed tasks,200,551
1779032365027,Load Users 1-13,GET /work random mode,200,493
1779032364909,Load Users 1-57,POST /batch mixed tasks,200,615
1779032364844,Load Users 1-24,POST /batch mixed tasks,200,684
1779032365136,Load Users 1-85,GET /work random mode,200,399
1779032365084,Load Users 1-100,POST /batch mixed tasks,200,453
1779032365178,Load Users 1-37,GET /work random mode,200,363
1779032365376,Load Users 1-74,GET /work random mode,200,176
1779032365531,Load Users 1-93,GET /work random mode,200,21
1779032365447,Load Users 1-36,GET /work random mode,200,113
1779032365445,Load Users 1-69,GET /work random mode,200,120
1779032364636,Load Users 1-42,GET /work random mode,200,932
1779032365026,Load Users 1-40,POST /batch mixed tasks,200,542
1779032365433,Load Users 1-16,GET /work random mode,200,140
1779032365293,Load Users 1-78,POST /batch mixed tasks,200,281
1779032365142,Load Users 1-88,POST /batch mixed tasks,200,434
1779032365200,Load Users 1-55,POST /batch mixed tasks,200,380
1779032365288,Load Users 1-90,POST /batch mixed tasks,200,295
1779032365207,Load Users 1-91,GET /work random mode,200,381
1779032365428,Load Users 1-7,POST /batch mixed tasks,200,161
1779032364887,Load Users 1-60,POST /batch mixed tasks,200,716
1779032365371,Load Users 1-53,GET /work random mode,200,234
1779032365457,Load Users 1-50,POST /batch mixed tasks,200,156
1779032365310,Load Users 1-58,POST /batch mixed tasks,200,308
1779032365632,Load Users 1-36,GET /work random mode,200,5
1779032365610,Load Users 1-87,GET /work random mode,200,29
1779032365343,Load Users 1-46,POST /batch mixed tasks,200,311
1779032365391,Load Users 1-59,POST /batch mixed tasks,200,266
1779032365170,Load Users 1-49,POST /batch mixed tasks,200,494
1779032365264,Load Users 1-10,GET /work random mode,200,410
1779032365337,Load Users 1-6,POST /batch mixed tasks,200,341
1779032365231,Load Users 1-66,POST /batch mixed tasks,200,452
1779032365309,Load Users 1-28,POST /batch mixed tasks,200,379
1779032365583,Load Users 1-57,GET /work random mode,200,105
1779032365607,Load Users 1-42,GET /work random mode,200,88
1779032365411,Load Users 1-82,GET /work random mode,200,291
1779032365665,Load Users 1-39,GET /work random mode,200,44
1779032365566,Load Users 1-11,GET /work random mode,200,144
1779032365408,Load Users 1-67,POST /batch mixed tasks,200,321
1779032365601,Load Users 1-65,GET /work random mode,200,128
1779032365714,Load Users 1-6,GET /work random mode,200,17
1779032364813,Load Users 1-23,GET /work random mode,200,926
1779032364962,Load Users 1-26,POST /batch mixed tasks,200,777
1779032365376,Load Users 1-68,POST /batch mixed tasks,200,364
1779032365305,Load Users 1-56,GET /work random mode,200,436
1779032365580,Load Users 1-70,GET /work random mode,200,161
1779032365475,Load Users 1-44,POST /batch mixed tasks,200,266
1779032365373,Load Users 1-97,POST /batch mixed tasks,200,372
1779032365351,Load Users 1-98,POST /batch mixed tasks,200,395
1779032365382,Load Users 1-17,POST /batch mixed tasks,200,366
1779032365110,Load Users 1-47,POST /batch mixed tasks,200,639
1779032365426,Load Users 1-48,GET /work random mode,200,330
1779032365190,Load Users 1-92,POST /batch mixed tasks,200,566
1779032365466,Load Users 1-94,POST /batch mixed tasks,200,291
1779032365078,Load Users 1-52,GET /work random mode,200,685
1779032365709,Load Users 1-49,GET /work random mode,200,58
1779032365252,Load Users 1-96,POST /batch mixed tasks,200,516
1779032365484,Load Users 1-12,GET /work random mode,200,285
1779032365554,Load Users 1-22,POST /batch mixed tasks,200,217
1779032365327,Load Users 1-32,GET /work random mode,200,450
1779032365563,Load Users 1-79,GET /work random mode,200,218
1779032365716,Load Users 1-91,GET /work random mode,200,69
1779032365494,Load Users 1-3,POST /batch mixed tasks,200,292
1779032364559,Load Users 1-76,GET /work random mode,200,1250
1779032365636,Load Users 1-85,GET /work random mode,200,180
1779032365426,Load Users 1-75,GET /work random mode,200,400
1779032365547,Load Users 1-4,POST /batch mixed tasks,200,294
1779032365504,Load Users 1-71,POST /batch mixed tasks,200,342
1779032365340,Load Users 1-62,POST /batch mixed tasks,200,506
1779032365829,Load Users 1-56,GET /work random mode,200,19
1779032365268,Load Users 1-84,POST /batch mixed tasks,200,594
1779032365782,Load Users 1-97,GET /work random mode,200,87
1779032365640,Load Users 1-69,GET /work random mode,200,229
1779032365629,Load Users 1-78,POST /batch mixed tasks,200,241
1779032365152,Load Users 1-2,POST /batch mixed tasks,200,721
1779032365780,Load Users 1-42,POST /batch mixed tasks,200,94
1779032365501,Load Users 1-43,GET /work random mode,200,375
1779032365802,Load Users 1-47,POST /batch mixed tasks,200,77
1779032365068,Load Users 1-1,POST /batch mixed tasks,200,815
1779032365400,Load Users 1-38,POST /batch mixed tasks,200,485
1779032365864,Load Users 1-94,GET /work random mode,200,23
1779032365873,Load Users 1-17,GET /work random mode,200,17
1779032365312,Load Users 1-77,GET /work random mode,200,591
1779032365301,Load Users 1-21,POST /batch mixed tasks,200,604
1779032365182,Load Users 1-20,GET /work random mode,200,723
1779032365690,Load Users 1-87,POST /batch mixed tasks,200,217
1779032365435,Load Users 1-18,POST /batch mixed tasks,200,477
1779032365309,Load Users 1-45,GET /work random mode,200,605
1779032365838,Load Users 1-91,GET /work random mode,200,77
1779032365782,Load Users 1-68,POST /batch mixed tasks,200,134
1779032365618,Load Users 1-40,POST /batch mixed tasks,200,299
1779032365475,Load Users 1-51,POST /batch mixed tasks,200,444
1779032365299,Load Users 1-89,POST /batch mixed tasks,200,627
1779032365468,Load Users 1-25,POST /batch mixed tasks,200,460
1779032365536,Load Users 1-63,POST /batch mixed tasks,200,396
1779032365930,Load Users 1-79,GET /work random mode,200,5
1779032365761,Load Users 1-57,GET /work random mode,200,175
1779032365563,Load Users 1-8,POST /batch mixed tasks,200,373
1779032365790,Load Users 1-92,POST /batch mixed tasks,200,158
1779032365890,Load Users 1-3,GET /work random mode,200,61
1779032365228,Load Users 1-95,GET /work random mode,200,728
1779032365611,Load Users 1-30,POST /batch mixed tasks,200,350
1779032365469,Load Users 1-61,POST /batch mixed tasks,200,500
1779032365254,Load Users 1-31,POST /batch mixed tasks,200,727
1779032365834,Load Users 1-67,POST /batch mixed tasks,200,152
1779032365958,Load Users 1-20,GET /work random mode,200,30
1779032365213,Load Users 1-34,POST /batch mixed tasks,200,775
1779032365779,Load Users 1-46,POST /batch mixed tasks,200,213
1779032365782,Load Users 1-26,POST /batch mixed tasks,200,212
1779032365858,Load Users 1-39,POST /batch mixed tasks,200,139
1779032365704,Load Users 1-90,GET /work random mode,200,294
1779032365866,Load Users 1-23,POST /batch mixed tasks,200,135
1779032365877,Load Users 1-70,GET /work random mode,200,128
1779032365658,Load Users 1-24,GET /work random mode,200,350
1779032365820,Load Users 1-52,GET /work random mode,200,190
1779032365824,Load Users 1-66,POST /batch mixed tasks,200,187
1779032365732,Load Users 1-53,POST /batch mixed tasks,200,279
1779032365654,Load Users 1-16,POST /batch mixed tasks,200,362
1779032365484,Load Users 1-33,GET /work random mode,200,537
1779032365513,Load Users 1-27,POST /batch mixed tasks,200,516
1779032365622,Load Users 1-100,POST /batch mixed tasks,200,408
1779032365224,Load Users 1-99,POST /batch mixed tasks,200,807
1779032365636,Load Users 1-15,POST /batch mixed tasks,200,405
1779032365380,Load Users 1-9,POST /batch mixed tasks,200,665
1779032366049,Load Users 1-18,GET /work random mode,200,2
1779032365667,Load Users 1-58,POST /batch mixed tasks,200,386
1779032365790,Load Users 1-48,POST /batch mixed tasks,200,266
1779032365716,Load Users 1-7,POST /batch mixed tasks,200,343
1779032365952,Load Users 1-84,POST /batch mixed tasks,200,108
1779032365998,Load Users 1-51,GET /work random mode,200,67
1779032365669,Load Users 1-93,POST /batch mixed tasks,200,396
1779032366053,Load Users 1-91,GET /work random mode,200,18
1779032366044,Load Users 1-77,GET /work random mode,200,28
1779032365699,Load Users 1-50,GET /work random mode,200,387
1779032365881,Load Users 1-98,GET /work random mode,200,207
1779032366079,Load Users 1-23,GET /work random mode,200,11
1779032365717,Load Users 1-10,POST /batch mixed tasks,200,376
1779032365667,Load Users 1-13,GET /work random mode,200,434
1779032365979,Load Users 1-4,POST /batch mixed tasks,200,130
1779032365896,Load Users 1-32,POST /batch mixed tasks,200,223
1779032365891,Load Users 1-75,GET /work random mode,200,233
1779032366101,Load Users 1-34,GET /work random mode,200,26
1779032365889,Load Users 1-71,POST /batch mixed tasks,200,238
1779032365089,Load Users 1-14,POST /batch mixed tasks,200,1050
1779032366137,Load Users 1-58,GET /work random mode,200,4
1779032366030,Load Users 1-68,POST /batch mixed tasks,200,115
1779032365581,Load Users 1-29,POST /batch mixed tasks,200,571
1779032366034,Load Users 1-8,GET /work random mode,200,119
1779032366119,Load Users 1-27,GET /work random mode,200,42
1779032365516,Load Users 1-81,POST /batch mixed tasks,200,645
1779032365990,Load Users 1-57,POST /batch mixed tasks,200,172
1779032366010,Load Users 1-40,GET /work random mode,200,162
1779032365857,Load Users 1-6,POST /batch mixed tasks,200,323
1779032365896,Load Users 1-49,GET /work random mode,200,291
1779032365585,Load Users 1-74,GET /work random mode,200,604
1779032366013,Load Users 1-42,GET /work random mode,200,182
1779032366085,Load Users 1-30,POST /batch mixed tasks,200,112
1779032366096,Load Users 1-31,GET /work random mode,200,115
1779032365915,Load Users 1-78,GET /work random mode,200,301
1779032365323,Load Users 1-64,POST /batch mixed tasks,200,893
1779032365967,Load Users 1-21,GET /work random mode,200,251
1779032366016,Load Users 1-69,POST /batch mixed tasks,200,205
1779032365993,Load Users 1-47,GET /work random mode,200,228
1779032366189,Load Users 1-13,GET /work random mode,200,38
1779032365784,Load Users 1-59,GET /work random mode,200,443
1779032365372,Load Users 1-5,POST /batch mixed tasks,200,856
1779032366030,Load Users 1-25,GET /work random mode,200,200
1779032365748,Load Users 1-11,GET /work random mode,200,486
1779032366043,Load Users 1-3,POST /batch mixed tasks,200,195
1779032366144,Load Users 1-16,GET /work random mode,200,100
1779032365998,Load Users 1-97,POST /batch mixed tasks,200,246
1779032366249,Load Users 1-27,GET /work random mode,200,11
1779032366206,Load Users 1-50,GET /work random mode,200,64
1779032365650,Load Users 1-37,POST /batch mixed tasks,200,622
1779032365585,Load Users 1-35,POST /batch mixed tasks,200,688
1779032365998,Load Users 1-38,POST /batch mixed tasks,200,277
1779032366091,Load Users 1-39,GET /work random mode,200,185
1779032366020,Load Users 1-87,GET /work random mode,200,263
1779032365780,Load Users 1-28,POST /batch mixed tasks,200,506
1779032365941,Load Users 1-85,POST /batch mixed tasks,200,346
1779032366041,Load Users 1-89,POST /batch mixed tasks,200,249
1779032366201,Load Users 1-8,POST /batch mixed tasks,200,90
1779032365243,Load Users 1-73,GET /work random mode,200,1050
1779032366138,Load Users 1-24,POST /batch mixed tasks,200,157
1779032366094,Load Users 1-26,POST /batch mixed tasks,200,214
1779032366223,Load Users 1-49,POST /batch mixed tasks,200,86
1779032366200,Load Users 1-4,GET /work random mode,200,112
1779032366126,Load Users 1-46,POST /batch mixed tasks,200,186
1779032366050,Load Users 1-52,POST /batch mixed tasks,200,268
1779032365839,Load Users 1-44,POST /batch mixed tasks,200,482
1779032366051,Load Users 1-90,POST /batch mixed tasks,200,271
1779032365737,Load Users 1-36,POST /batch mixed tasks,200,587
1779032365955,Load Users 1-2,POST /batch mixed tasks,200,372
1779032366171,Load Users 1-93,GET /work random mode,200,157
1779032366303,Load Users 1-57,GET /work random mode,200,37
1779032365599,Load Users 1-80,POST /batch mixed tasks,200,742
1779032366348,Load Users 1-25,GET /work random mode,200,4
1779032366329,Load Users 1-50,GET /work random mode,200,23
1779032366085,Load Users 1-9,POST /batch mixed tasks,200,272
1779032365981,Load Users 1-17,POST /batch mixed tasks,200,384
1779032366179,Load Users 1-75,GET /work random mode,200,193
1779032365473,Load Users 1-54,GET /work random mode,200,901
1779032366070,Load Users 1-79,GET /work random mode,200,315
1779032366060,Load Users 1-70,POST /batch mixed tasks,200,327
1779032366361,Load Users 1-5,GET /work random mode,200,28
1779032365933,Load Users 1-76,GET /work random mode,200,458
1779032366374,Load Users 1-24,GET /work random mode,200,21
1779032365958,Load Users 1-94,POST /batch mixed tasks,200,438
1779032365918,Load Users 1-22,GET /work random mode,200,486
1779032366296,Load Users 1-42,GET /work random mode,200,121
1779032365563,Load Users 1-83,POST /batch mixed tasks,200,865
1779032366094,Load Users 1-48,GET /work random mode,200,334
1779032366034,Load Users 1-45,POST /batch mixed tasks,200,395
1779032366348,Load Users 1-49,GET /work random mode,200,81
1779032366308,Load Users 1-27,GET /work random mode,200,133
1779032366350,Load Users 1-13,POST /batch mixed tasks,200,97
1779032366342,Load Users 1-46,GET /work random mode,200,111
1779032366054,Load Users 1-66,POST /batch mixed tasks,200,401
1779032365821,Load Users 1-96,GET /work random mode,200,635
1779032366285,Load Users 1-29,GET /work random mode,200,180
1779032366119,Load Users 1-53,POST /batch mixed tasks,200,347
1779032366113,Load Users 1-100,POST /batch mixed tasks,200,358
1779032365782,Load Users 1-65,POST /batch mixed tasks,200,691
1779032366103,Load Users 1-67,GET /work random mode,200,374
1779032366459,Load Users 1-24,GET /work random mode,200,18
1779032366207,Load Users 1-77,GET /work random mode,200,280
1779032366422,Load Users 1-26,GET /work random mode,200,67
1779032365478,Load Users 1-19,POST /batch mixed tasks,200,1029
1779032365559,Load Users 1-72,POST /batch mixed tasks,200,949
1779032366057,Load Users 1-33,POST /batch mixed tasks,200,451
1779032366207,Load Users 1-98,GET /work random mode,200,305
1779032366486,Load Users 1-5,GET /work random mode,200,30
1779032366495,Load Users 1-49,GET /work random mode,200,25
1779032366356,Load Users 1-89,POST /batch mixed tasks,200,164
1779032366216,Load Users 1-40,POST /batch mixed tasks,200,306
1779032366351,Load Users 1-37,GET /work random mode,200,172
1779032366520,Load Users 1-83,GET /work random mode,200,5
1779032366304,Load Users 1-74,POST /batch mixed tasks,200,221
1779032366452,Load Users 1-52,GET /work random mode,200,74
1779032366174,Load Users 1-51,POST /batch mixed tasks,200,355
1779032366457,Load Users 1-93,GET /work random mode,200,73
1779032366184,Load Users 1-34,POST /batch mixed tasks,200,348
1779032366512,Load Users 1-13,GET /work random mode,200,24
1779032366420,Load Users 1-9,POST /batch mixed tasks,200,119
1779032366357,Load Users 1-2,GET /work random mode,200,182
1779032366366,Load Users 1-78,GET /work random mode,200,175
1779032366344,Load Users 1-85,GET /work random mode,200,198
1779032365620,Load Users 1-86,POST /batch mixed tasks,200,924
1779032365254,Load Users 1-41,POST /batch mixed tasks,200,1295
1779032366169,Load Users 1-14,POST /batch mixed tasks,200,388
1779032365622,Load Users 1-55,GET /work random mode,200,942
1779032366140,Load Users 1-91,POST /batch mixed tasks,200,427
1779032366508,Load Users 1-94,GET /work random mode,200,61
1779032366193,Load Users 1-18,POST /batch mixed tasks,200,384
1779032366297,Load Users 1-81,POST /batch mixed tasks,200,283
1779032366359,Load Users 1-31,POST /batch mixed tasks,200,234
1779032366291,Load Users 1-64,GET /work random mode,200,305
1779032366581,Load Users 1-51,GET /work random mode,200,18
1779032365875,Load Users 1-12,GET /work random mode,200,725
1779032366506,Load Users 1-45,POST /batch mixed tasks,200,96
1779032366461,Load Users 1-90,GET /work random mode,200,144
1779032366357,Load Users 1-36,POST /batch mixed tasks,200,248
1779032366306,Load Users 1-30,POST /batch mixed tasks,200,301
1779032366110,Load Users 1-84,POST /batch mixed tasks,200,499
1779032366576,Load Users 1-46,GET /work random mode,200,39
1779032366407,Load Users 1-50,GET /work random mode,200,209
1779032366331,Load Users 1-47,POST /batch mixed tasks,200,287
1779032366565,Load Users 1-33,GET /work random mode,200,54
1779032366447,Load Users 1-44,POST /batch mixed tasks,200,176
1779032365983,Load Users 1-1,GET /work random mode,200,650
1779032366014,Load Users 1-61,GET /work random mode,200,619
1779032366085,Load Users 1-20,POST /batch mixed tasks,200,552
1779032366485,Load Users 1-57,GET /work random mode,200,164
1779032366432,Load Users 1-25,GET /work random mode,200,217
1779032366269,Load Users 1-69,POST /batch mixed tasks,200,396
1779032365915,Load Users 1-43,POST /batch mixed tasks,200,751
1779032365689,Load Users 1-88,GET /work random mode,200,978
1779032366350,Load Users 1-97,POST /batch mixed tasks,200,321
1779032366249,Load Users 1-58,GET /work random mode,200,424
1779032366407,Load Users 1-8,GET /work random mode,200,270
1779032366622,Load Users 1-52,GET /work random mode,200,58
1779032366046,Load Users 1-92,POST /batch mixed tasks,200,640
1779032366664,Load Users 1-50,GET /work random mode,200,24
1779032366678,Load Users 1-47,GET /work random mode,200,21
1779032365957,Load Users 1-62,GET /work random mode,200,743
1779032366664,Load Users 1-90,GET /work random mode,200,50
1779032366201,Load Users 1-71,POST /batch mixed tasks,200,522
1779032366547,Load Users 1-29,GET /work random mode,200,178
1779032365848,Load Users 1-82,GET /work random mode,200,879
1779032365744,Load Users 1-60,POST /batch mixed tasks,200,1007
1779032366273,Load Users 1-21,POST /batch mixed tasks,200,495
1779032366573,Load Users 1-72,POST /batch mixed tasks,200,202
1779032366566,Load Users 1-74,POST /batch mixed tasks,200,212
1779032366565,Load Users 1-100,GET /work random mode,200,217
1779032366363,Load Users 1-87,POST /batch mixed tasks,200,420
1779032366753,Load Users 1-36,GET /work random mode,200,39
1779032366644,Load Users 1-49,POST /batch mixed tasks,200,152
1779032366632,Load Users 1-51,POST /batch mixed tasks,200,169
1779032366172,Load Users 1-32,POST /batch mixed tasks,200,632
1779032366026,Load Users 1-95,GET /work random mode,200,780
1779032366129,Load Users 1-15,POST /batch mixed tasks,200,678
1779032366706,Load Users 1-31,GET /work random mode,200,104
1779032366430,Load Users 1-76,GET /work random mode,200,392
1779032366712,Load Users 1-64,GET /work random mode,200,113
1779032366632,Load Users 1-98,POST /batch mixed tasks,200,200
1779032366559,Load Users 1-37,POST /batch mixed tasks,200,283
1779032366582,Load Users 1-24,POST /batch mixed tasks,200,260
1779032366736,Load Users 1-12,GET /work random mode,200,108
1779032366371,Load Users 1-28,POST /batch mixed tasks,200,482
1779032366585,Load Users 1-26,POST /batch mixed tasks,200,273
1779032366818,Load Users 1-100,GET /work random mode,200,41
1779032366728,Load Users 1-46,GET /work random mode,200,136
1779032366606,Load Users 1-89,GET /work random mode,200,258
1779032366058,Load Users 1-63,GET /work random mode,200,808
1779032366727,Load Users 1-8,GET /work random mode,200,142
1779032366848,Load Users 1-32,GET /work random mode,200,27
1779032366466,Load Users 1-75,POST /batch mixed tasks,200,410
1779032366612,Load Users 1-2,POST /batch mixed tasks,200,266
1779032366340,Load Users 1-3,GET /work random mode,200,545
1779032366752,Load Users 1-33,POST /batch mixed tasks,200,146
1779032366739,Load Users 1-44,POST /batch mixed tasks,200,159
1779032366547,Load Users 1-19,POST /batch mixed tasks,200,355
1779032365977,Load Users 1-56,POST /batch mixed tasks,200,929
1779032366873,Load Users 1-29,GET /work random mode,200,39
1779032366350,Load Users 1-16,POST /batch mixed tasks,200,566
1779032366759,Load Users 1-90,GET /work random mode,200,164
1779032366673,Load Users 1-85,POST /batch mixed tasks,200,257
1779032366766,Load Users 1-62,POST /batch mixed tasks,200,164
1779032366664,Load Users 1-1,GET /work random mode,200,269
1779032366463,Load Users 1-17,POST /batch mixed tasks,200,470
1779032366163,Load Users 1-23,GET /work random mode,200,771
1779032366906,Load Users 1-51,GET /work random mode,200,30
1779032366937,Load Users 1-95,GET /work random mode,200,6
1779032366618,Load Users 1-5,GET /work random mode,200,326
1779032366712,Load Users 1-30,POST /batch mixed tasks,200,242
1779032366531,Load Users 1-42,GET /work random mode,200,434
1779032366519,Load Users 1-54,POST /batch mixed tasks,200,453
1779032366634,Load Users 1-86,GET /work random mode,200,338
1779032366788,Load Users 1-50,GET /work random mode,200,184
1779032366682,Load Users 1-25,POST /batch mixed tasks,200,290
1779032366437,Load Users 1-80,POST /batch mixed tasks,200,537
1779032366544,Load Users 1-53,POST /batch mixed tasks,200,434
1779032366957,Load Users 1-28,GET /work random mode,200,27
1779032366970,Load Users 1-19,GET /work random mode,200,16
1779032366419,Load Users 1-38,POST /batch mixed tasks,200,568
1779032366739,Load Users 1-45,GET /work random mode,200,249
1779032366820,Load Users 1-74,GET /work random mode,200,169
1779032366322,Load Users 1-11,POST /batch mixed tasks,200,668
1779032366695,Load Users 1-55,POST /batch mixed tasks,200,295
1779032366773,Load Users 1-82,GET /work random mode,200,218
1779032366987,Load Users 1-8,GET /work random mode,200,6
1779032366631,Load Users 1-77,POST /batch mixed tasks,200,365
1779032366580,Load Users 1-83,POST /batch mixed tasks,200,418
1779032366935,Load Users 1-49,GET /work random mode,200,63
1779032366612,Load Users 1-94,GET /work random mode,200,388
1779032366531,Load Users 1-67,GET /work random mode,200,481
1779032366971,Load Users 1-32,GET /work random mode,200,46
1779032366996,Load Users 1-26,GET /work random mode,200,22
1779032366683,Load Users 1-41,POST /batch mixed tasks,200,337
1779032366703,Load Users 1-14,POST /batch mixed tasks,200,332
1779032366262,Load Users 1-6,POST /batch mixed tasks,200,774
1779032366768,Load Users 1-47,GET /work random mode,200,268
1779032366965,Load Users 1-76,GET /work random mode,200,71
1779032366549,Load Users 1-48,GET /work random mode,200,491
1779032367041,Load Users 1-86,GET /work random mode,200,3
1779032366575,Load Users 1-93,POST /batch mixed tasks,200,470
1779032366650,Load Users 1-34,POST /batch mixed tasks,200,400
1779032366984,Load Users 1-95,GET /work random mode,200,68
1779032366131,Load Users 1-7,POST /batch mixed tasks,200,928
1779032367036,Load Users 1-11,GET /work random mode,200,23
1779032366958,Load Users 1-100,GET /work random mode,200,107
1779032366802,Load Users 1-92,POST /batch mixed tasks,200,270
1779032367009,Load Users 1-51,GET /work random mode,200,64
1779032366210,Load Users 1-10,POST /batch mixed tasks,200,866
1779032366442,Load Users 1-22,POST /batch mixed tasks,200,639
1779032366418,Load Users 1-35,POST /batch mixed tasks,200,664
1779032366420,Load Users 1-73,POST /batch mixed tasks,200,665
1779032367022,Load Users 1-29,GET /work random mode,200,65
1779032367082,Load Users 1-6,GET /work random mode,200,6
1779032366636,Load Users 1-13,POST /batch mixed tasks,200,455
1779032366916,Load Users 1-87,POST /batch mixed tasks,200,187
1779032366442,Load Users 1-4,POST /batch mixed tasks,200,675
1779032367018,Load Users 1-23,POST /batch mixed tasks,200,101
1779032366776,Load Users 1-61,POST /batch mixed tasks,200,343
1779032366844,Load Users 1-36,POST /batch mixed tasks,200,279
1779032366873,Load Users 1-60,GET /work random mode,200,252
1779032366946,Load Users 1-64,POST /batch mixed tasks,200,180
1779032367096,Load Users 1-74,GET /work random mode,200,32
1779032366122,Load Users 1-99,POST /batch mixed tasks,200,1007
1779032366905,Load Users 1-46,GET /work random mode,200,225
1779032367130,Load Users 1-6,GET /work random mode,200,5
1779032366999,Load Users 1-89,GET /work random mode,200,139
1779032366711,Load Users 1-52,POST /batch mixed tasks,200,428
1779032367081,Load Users 1-80,GET /work random mode,200,59
1779032367013,Load Users 1-2,GET /work random mode,200,128
1779032366613,Load Users 1-65,GET /work random mode,200,539
1779032366270,Load Users 1-68,GET /work random mode,200,885
1779032367005,Load Users 1-85,POST /batch mixed tasks,200,154
1779032366623,Load Users 1-81,POST /batch mixed tasks,200,546
1779032366978,Load Users 1-12,POST /batch mixed tasks,200,196
1779032366717,Load Users 1-84,POST /batch mixed tasks,200,464
1779032366615,Load Users 1-18,POST /batch mixed tasks,200,570
1779032366735,Load Users 1-97,POST /batch mixed tasks,200,450
1779032366665,Load Users 1-9,GET /work random mode,200,524
1779032367186,Load Users 1-68,GET /work random mode,200,10
1779032366480,Load Users 1-27,POST /batch mixed tasks,200,719
1779032367162,Load Users 1-34,GET /work random mode,200,43
1779032366700,Load Users 1-20,GET /work random mode,200,505
1779032366967,Load Users 1-75,GET /work random mode,200,238
1779032367090,Load Users 1-50,POST /batch mixed tasks,200,116
1779032366568,Load Users 1-40,GET /work random mode,200,639
1779032367142,Load Users 1-77,POST /batch mixed tasks,200,72
1779032367203,Load Users 1-80,GET /work random mode,200,13
1779032367166,Load Users 1-95,GET /work random mode,200,61
1779032367048,Load Users 1-44,GET /work random mode,200,180
1779032366902,Load Users 1-31,POST /batch mixed tasks,200,329
1779032366594,Load Users 1-96,POST /batch mixed tasks,200,638
1779032367154,Load Users 1-87,POST /batch mixed tasks,200,95
1779032367084,Load Users 1-45,POST /batch mixed tasks,200,165
1779032366952,Load Users 1-98,GET /work random mode,200,298
1779032367133,Load Users 1-51,GET /work random mode,200,120
1779032367235,Load Users 1-36,GET /work random mode,200,18
1779032366780,Load Users 1-43,GET /work random mode,200,476
1779032366904,Load Users 1-37,POST /batch mixed tasks,200,354
1779032367151,Load Users 1-14,POST /batch mixed tasks,200,109
1779032367066,Load Users 1-76,GET /work random mode,200,202
1779032367189,Load Users 1-10,GET /work random mode,200,89
1779032367234,Load Users 1-89,GET /work random mode,200,51
1779032367223,Load Users 1-99,GET /work random mode,200,64
1779032366589,Load Users 1-78,POST /batch mixed tasks,200,699
1779032366908,Load Users 1-24,GET /work random mode,200,381
1779032366596,Load Users 1-66,GET /work random mode,200,701
1779032367013,Load Users 1-30,POST /batch mixed tasks,200,287
1779032366908,Load Users 1-21,GET /work random mode,200,401
1779032367171,Load Users 1-29,GET /work random mode,200,143
1779032367257,Load Users 1-84,POST /batch mixed tasks,200,71
1779032366515,Load Users 1-70,POST /batch mixed tasks,200,813
1779032367075,Load Users 1-8,GET /work random mode,200,254
1779032367289,Load Users 1-87,POST /batch mixed tasks,200,43
1779032367151,Load Users 1-4,GET /work random mode,200,200
1779032367332,Load Users 1-44,GET /work random mode,200,19
1779032366999,Load Users 1-33,POST /batch mixed tasks,200,355
1779032367077,Load Users 1-49,GET /work random mode,200,288
1779032367313,Load Users 1-77,GET /work random mode,200,52
1779032367311,Load Users 1-45,POST /batch mixed tasks,200,54
1779032367207,Load Users 1-6,GET /work random mode,200,159
1779032366902,Load Users 1-15,POST /batch mixed tasks,200,464
1779032367096,Load Users 1-94,POST /batch mixed tasks,200,274
1779032367133,Load Users 1-7,POST /batch mixed tasks,200,241
1779032367078,Load Users 1-62,GET /work random mode,200,302
1779032367017,Load Users 1-3,POST /batch mixed tasks,200,364
1779032367289,Load Users 1-68,GET /work random mode,200,96
1779032367033,Load Users 1-55,POST /batch mixed tasks,200,357
1779032366719,Load Users 1-57,POST /batch mixed tasks,200,676
1779032367268,Load Users 1-31,GET /work random mode,200,128
1779032366274,Load Users 1-59,POST /batch mixed tasks,200,1141
1779032367169,Load Users 1-64,POST /batch mixed tasks,200,247
1779032367391,Load Users 1-51,GET /work random mode,200,26
1779032367376,Load Users 1-24,GET /work random mode,200,43
1779032366997,Load Users 1-90,POST /batch mixed tasks,200,432
1779032367096,Load Users 1-42,GET /work random mode,200,339
1779032367111,Load Users 1-28,GET /work random mode,200,324
1779032367022,Load Users 1-5,GET /work random mode,200,415
1779032367044,Load Users 1-54,GET /work random mode,200,399
1779032367197,Load Users 1-2,POST /batch mixed tasks,200,247
1779032366734,Load Users 1-88,POST /batch mixed tasks,200,710
1779032367299,Load Users 1-18,POST /batch mixed tasks,200,149
1779032366411,Load Users 1-39,POST /batch mixed tasks,200,1038
1779032367413,Load Users 1-70,GET /work random mode,200,45
1779032367070,Load Users 1-83,POST /batch mixed tasks,200,395
1779032367441,Load Users 1-49,GET /work random mode,200,28
1779032367425,Load Users 1-3,GET /work random mode,200,50
1779032367121,Load Users 1-13,POST /batch mixed tasks,200,383
1779032367442,Load Users 1-44,GET /work random mode,200,64
1779032366968,Load Users 1-16,POST /batch mixed tasks,200,542
1779032367340,Load Users 1-99,GET /work random mode,200,175
1779032367234,Load Users 1-65,POST /batch mixed tasks,200,283
1779032366912,Load Users 1-72,POST /batch mixed tasks,200,605
1779032367140,Load Users 1-11,POST /batch mixed tasks,200,379
1779032367143,Load Users 1-47,POST /batch mixed tasks,200,376
1779032367137,Load Users 1-82,POST /batch mixed tasks,200,383
1779032367324,Load Users 1-27,POST /batch mixed tasks,200,198
1779032366695,Load Users 1-91,GET /work random mode,200,828
1779032367028,Load Users 1-19,POST /batch mixed tasks,200,495
1779032367181,Load Users 1-100,GET /work random mode,200,356
1779032367165,Load Users 1-73,POST /batch mixed tasks,200,373
1779032367526,Load Users 1-59,GET /work random mode,200,25
1779032367307,Load Users 1-37,GET /work random mode,200,245
1779032367482,Load Users 1-18,GET /work random mode,200,75
1779032367134,Load Users 1-26,GET /work random mode,200,430
1779032367335,Load Users 1-43,POST /batch mixed tasks,200,230
1779032367163,Load Users 1-48,POST /batch mixed tasks,200,412
1779032366761,Load Users 1-58,POST /batch mixed tasks,200,816
1779032367351,Load Users 1-21,POST /batch mixed tasks,200,227
1779032367273,Load Users 1-12,POST /batch mixed tasks,200,308
1779032367381,Load Users 1-36,GET /work random mode,200,200
1779032367577,Load Users 1-100,GET /work random mode,200,6
1779032367100,Load Users 1-32,POST /batch mixed tasks,200,493
1779032367455,Load Users 1-94,GET /work random mode,200,139
1779032367162,Load Users 1-41,POST /batch mixed tasks,200,440
1779032367485,Load Users 1-7,GET /work random mode,200,118
1779032366708,Load Users 1-69,POST /batch mixed tasks,200,898
1779032367436,Load Users 1-15,GET /work random mode,200,174
1779032367302,Load Users 1-9,GET /work random mode,200,308
1779032367259,Load Users 1-75,GET /work random mode,200,357
1779032367161,Load Users 1-74,POST /batch mixed tasks,200,470
1779032367331,Load Users 1-80,GET /work random mode,200,312
1779032367644,Load Users 1-43,GET /work random mode,200,2
1779032367382,Load Users 1-14,POST /batch mixed tasks,200,266
1779032367020,Load Users 1-38,POST /batch mixed tasks,200,629
1779032367563,Load Users 1-47,POST /batch mixed tasks,200,89
1779032367424,Load Users 1-4,POST /batch mixed tasks,200,228
1779032366495,Load Users 1-79,POST /batch mixed tasks,200,1158
1779032367633,Load Users 1-16,GET /work random mode,200,20
1779032367245,Load Users 1-50,POST /batch mixed tasks,200,411
1779032366913,Load Users 1-63,GET /work random mode,200,743
1779032366973,Load Users 1-17,POST /batch mixed tasks,200,683
1779032367641,Load Users 1-73,GET /work random mode,200,19
1779032367485,Load Users 1-42,GET /work random mode,200,176
1779032367273,Load Users 1-95,POST /batch mixed tasks,200,389
1779032367582,Load Users 1-70,POST /batch mixed tasks,200,86
1779032367646,Load Users 1-32,GET /work random mode,200,28
1779032367464,Load Users 1-51,GET /work random mode,200,211
1779032367315,Load Users 1-81,POST /batch mixed tasks,200,360
1779032367327,Load Users 1-97,GET /work random mode,200,349
1779032367083,Load Users 1-93,GET /work random mode,200,595
1779032367673,Load Users 1-12,GET /work random mode,200,8
1779032367285,Load Users 1-34,POST /batch mixed tasks,200,396
1779032367543,Load Users 1-88,POST /batch mixed tasks,200,144
1779032367077,Load Users 1-1,POST /batch mixed tasks,200,613
1779032367367,Load Users 1-66,POST /batch mixed tasks,200,329
1779032367322,Load Users 1-98,POST /batch mixed tasks,200,377
1779032367504,Load Users 1-62,GET /work random mode,200,197
1779032367159,Load Users 1-67,POST /batch mixed tasks,200,549
1779032367629,Load Users 1-18,GET /work random mode,200,84
1779032367430,Load Users 1-33,POST /batch mixed tasks,200,286
1779032367333,Load Users 1-10,GET /work random mode,200,384
1779032367715,Load Users 1-58,GET /work random mode,200,2
1779032367708,Load Users 1-81,GET /work random mode,200,16
1779032367526,Load Users 1-28,POST /batch mixed tasks,200,199
1779032367431,Load Users 1-57,GET /work random mode,200,295
1779032367691,Load Users 1-75,GET /work random mode,200,38
1779032367628,Load Users 1-19,GET /work random mode,200,102
1779032367203,Load Users 1-60,POST /batch mixed tasks,200,528
1779032367477,Load Users 1-87,GET /work random mode,200,255
1779032367667,Load Users 1-91,POST /batch mixed tasks,200,81
1779032367120,Load Users 1-53,POST /batch mixed tasks,200,630
1779032367748,Load Users 1-67,GET /work random mode,200,6
1779032367667,Load Users 1-37,GET /work random mode,200,88
1779032367694,Load Users 1-21,GET /work random mode,200,63
1779032366754,Load Users 1-71,GET /work random mode,200,1009
1779032367124,Load Users 1-35,POST /batch mixed tasks,200,662
1779032367409,Load Users 1-8,GET /work random mode,200,382
1779032367477,Load Users 1-31,POST /batch mixed tasks,200,318
1779032367581,Load Users 1-11,POST /batch mixed tasks,200,214
1779032367417,Load Users 1-45,POST /batch mixed tasks,200,378
1779032367781,Load Users 1-43,GET /work random mode,200,20
1779032367748,Load Users 1-98,GET /work random mode,200,55
1779032367635,Load Users 1-72,GET /work random mode,200,176
1779032367558,Load Users 1-3,GET /work random mode,200,254
1779032367464,Load Users 1-55,GET /work random mode,200,351
1779032367495,Load Users 1-39,GET /work random mode,200,321
1779032367512,Load Users 1-77,POST /batch mixed tasks,200,307
1779032367677,Load Users 1-100,POST /batch mixed tasks,200,154
1779032367823,Load Users 1-10,GET /work random mode,200,10
1779032367749,Load Users 1-73,GET /work random mode,200,84
1779032367176,Load Users 1-86,POST /batch mixed tasks,200,658
1779032367504,Load Users 1-2,GET /work random mode,200,330
1779032367711,Load Users 1-16,POST /batch mixed tasks,200,125
1779032367224,Load Users 1-22,POST /batch mixed tasks,200,614
1779032367235,Load Users 1-46,POST /batch mixed tasks,200,628
1779032367859,Load Users 1-39,GET /work random mode,200,12
1779032367557,Load Users 1-44,POST /batch mixed tasks,200,315
1779032367793,Load Users 1-75,GET /work random mode,200,83
1779032367287,Load Users 1-96,GET /work random mode,200,600
1779032367038,Load Users 1-56,GET /work random mode,200,850
1779032367330,Load Users 1-76,GET /work random mode,200,567
1779032367700,Load Users 1-4,POST /batch mixed tasks,200,203
1779032367893,Load Users 1-72,GET /work random mode,200,11
1779032367901,Load Users 1-71,GET /work random mode,200,5
1779032367702,Load Users 1-48,GET /work random mode,200,212
1779032367892,Load Users 1-73,GET /work random mode,200,24
1779032367196,Load Users 1-61,GET /work random mode,200,726
1779032367161,Load Users 1-92,POST /batch mixed tasks,200,767
1779032367524,Load Users 1-54,POST /batch mixed tasks,200,407
1779032367637,Load Users 1-41,POST /batch mixed tasks,200,294
1779032367649,Load Users 1-9,POST /batch mixed tasks,200,285
1779032367630,Load Users 1-27,GET /work random mode,200,309
1779032367324,Load Users 1-89,POST /batch mixed tasks,200,616
1779032367217,Load Users 1-52,POST /batch mixed tasks,200,728
1779032367551,Load Users 1-99,POST /batch mixed tasks,200,394
1779032367772,Load Users 1-81,GET /work random mode,200,179
1779032367872,Load Users 1-8,POST /batch mixed tasks,200,86
1779032367956,Load Users 1-76,GET /work random mode,200,2
1779032367772,Load Users 1-1,POST /batch mixed tasks,200,188
1779032367365,Load Users 1-78,POST /batch mixed tasks,200,609
1779032367756,Load Users 1-18,GET /work random mode,200,219
1779032367688,Load Users 1-36,POST /batch mixed tasks,200,291
1779032367456,Load Users 1-6,GET /work random mode,200,526
1779032367662,Load Users 1-82,POST /batch mixed tasks,200,323
1779032367691,Load Users 1-7,GET /work random mode,200,297
1779032367838,Load Users 1-62,GET /work random mode,200,152
1779032367955,Load Users 1-16,GET /work random mode,200,40
1779032367492,Load Users 1-5,POST /batch mixed tasks,200,506
1779032367684,Load Users 1-15,POST /batch mixed tasks,200,316
1779032367738,Load Users 1-69,POST /batch mixed tasks,200,272
1779032367509,Load Users 1-90,POST /batch mixed tasks,200,503
1779032367456,Load Users 1-24,GET /work random mode,200,568
1779032367534,Load Users 1-68,GET /work random mode,200,490
1779032367720,Load Users 1-51,POST /batch mixed tasks,200,308
1779032367906,Load Users 1-39,GET /work random mode,200,122
1779032367679,Load Users 1-26,POST /batch mixed tasks,200,351
1779032368029,Load Users 1-72,GET /work random mode,200,2
1779032367963,Load Users 1-77,POST /batch mixed tasks,200,74
1779032367543,Load Users 1-64,POST /batch mixed tasks,200,504
1779032367877,Load Users 1-53,POST /batch mixed tasks,200,173
1779032367851,Load Users 1-3,GET /work random mode,200,202
1779032368021,Load Users 1-62,GET /work random mode,200,36
1779032367211,Load Users 1-23,POST /batch mixed tasks,200,854
1779032367808,Load Users 1-42,POST /batch mixed tasks,200,257
1779032367857,Load Users 1-11,GET /work random mode,200,215
1779032367794,Load Users 1-57,POST /batch mixed tasks,200,283
1779032367981,Load Users 1-27,POST /batch mixed tasks,200,105
1779032367865,Load Users 1-43,GET /work random mode,200,223
1779032368045,Load Users 1-6,GET /work random mode,200,44
1779032367075,Load Users 1-25,POST /batch mixed tasks,200,1018
1779032367686,Load Users 1-63,POST /batch mixed tasks,200,409
1779032367886,Load Users 1-37,POST /batch mixed tasks,200,228
1779032368040,Load Users 1-76,GET /work random mode,200,81
1779032367857,Load Users 1-31,POST /batch mixed tasks,200,274
1779032367265,Load Users 1-20,GET /work random mode,200,870
1779032368060,Load Users 1-68,GET /work random mode,200,77
1779032367614,Load Users 1-59,POST /batch mixed tasks,200,527
1779032367654,Load Users 1-13,POST /batch mixed tasks,200,490
1779032368019,Load Users 1-9,POST /batch mixed tasks,200,128
1779032367742,Load Users 1-93,GET /work random mode,200,406
1779032368002,Load Users 1-92,GET /work random mode,200,153
1779032367242,Load Users 1-40,POST /batch mixed tasks,200,913
1779032367814,Load Users 1-97,POST /batch mixed tasks,200,345
1779032367982,Load Users 1-61,GET /work random mode,200,178
1779032368154,Load Users 1-27,GET /work random mode,200,15
1779032368006,Load Users 1-78,GET /work random mode,200,163
1779032368008,Load Users 1-8,POST /batch mixed tasks,200,165
1779032367710,Load Users 1-74,POST /batch mixed tasks,200,466
1779032367769,Load Users 1-34,POST /batch mixed tasks,200,423
1779032368177,Load Users 1-25,GET /work random mode,200,15
1779032368101,Load Users 1-62,GET /work random mode,200,92
1779032367930,Load Users 1-96,GET /work random mode,200,271
1779032368041,Load Users 1-18,GET /work random mode,200,161
1779032367758,Load Users 1-17,POST /batch mixed tasks,200,447
1779032368079,Load Users 1-89,GET /work random mode,200,129
1779032367896,Load Users 1-55,POST /batch mixed tasks,200,315
1779032368033,Load Users 1-99,POST /batch mixed tasks,200,179
1779032367902,Load Users 1-35,POST /batch mixed tasks,200,311
1779032367792,Load Users 1-95,GET /work random mode,200,422
1779032368030,Load Users 1-71,GET /work random mode,200,187
1779032367990,Load Users 1-4,POST /batch mixed tasks,200,231
1779032367798,Load Users 1-14,GET /work random mode,200,429
1779032367580,Load Users 1-65,GET /work random mode,200,653
1779032367920,Load Users 1-45,POST /batch mixed tasks,200,314
1779032367808,Load Users 1-91,POST /batch mixed tasks,200,430
1779032367787,Load Users 1-32,POST /batch mixed tasks,200,454
1779032368117,Load Users 1-15,GET /work random mode,200,131
1779032367399,Load Users 1-29,GET /work random mode,200,857
1779032368236,Load Users 1-92,GET /work random mode,200,31
1779032367967,Load Users 1-100,GET /work random mode,200,302
1779032368011,Load Users 1-54,POST /batch mixed tasks,200,261
1779032368076,Load Users 1-69,GET /work random mode,200,197
1779032368254,Load Users 1-62,GET /work random mode,200,23
1779032367785,Load Users 1-88,POST /batch mixed tasks,200,492
1779032367598,Load Users 1-83,GET /work random mode,200,686
1779032367420,Load Users 1-84,POST /batch mixed tasks,200,866
1779032368043,Load Users 1-48,GET /work random mode,200,256
1779032368207,Load Users 1-13,GET /work random mode,200,94
1779032367769,Load Users 1-12,POST /batch mixed tasks,200,536
1779032367864,Load Users 1-19,GET /work random mode,200,441
1779032367925,Load Users 1-44,GET /work random mode,200,382
1779032367762,Load Users 1-79,POST /batch mixed tasks,200,550
1779032367863,Load Users 1-58,GET /work random mode,200,458
1779032368119,Load Users 1-77,POST /batch mixed tasks,200,207
1779032368214,Load Users 1-40,POST /batch mixed tasks,200,116
1779032368041,Load Users 1-16,POST /batch mixed tasks,200,292
1779032368329,Load Users 1-96,GET /work random mode,200,19
1779032368311,Load Users 1-34,GET /work random mode,200,56
1779032368336,Load Users 1-4,GET /work random mode,200,32
1779032367851,Load Users 1-98,GET /work random mode,200,521
1779032368020,Load Users 1-41,POST /batch mixed tasks,200,357
1779032367264,Load Users 1-85,POST /batch mixed tasks,200,1114
1779032367443,Load Users 1-30,POST /batch mixed tasks,200,941
1779032368204,Load Users 1-59,GET /work random mode,200,180
1779032367821,Load Users 1-21,GET /work random mode,200,564
1779032368346,Load Users 1-14,GET /work random mode,200,42
1779032368163,Load Users 1-31,POST /batch mixed tasks,200,230
1779032368222,Load Users 1-37,POST /batch mixed tasks,200,174
1779032368024,Load Users 1-1,POST /batch mixed tasks,200,373
1779032368076,Load Users 1-82,GET /work random mode,200,332
1779032367908,Load Users 1-22,POST /batch mixed tasks,200,503
1779032368035,Load Users 1-7,POST /batch mixed tasks,200,379
1779032367767,Load Users 1-28,GET /work random mode,200,652
1779032367720,Load Users 1-94,POST /batch mixed tasks,200,701
1779032368418,Load Users 1-54,GET /work random mode,200,8
1779032367877,Load Users 1-60,POST /batch mixed tasks,200,552
1779032367953,Load Users 1-56,POST /batch mixed tasks,200,476
1779032368236,Load Users 1-6,POST /batch mixed tasks,200,194
1779032368217,Load Users 1-27,GET /work random mode,200,216
1779032367525,Load Users 1-49,POST /batch mixed tasks,200,913
1779032368214,Load Users 1-68,POST /batch mixed tasks,200,225
1779032368176,Load Users 1-64,POST /batch mixed tasks,200,268
1779032367826,Load Users 1-33,POST /batch mixed tasks,200,619
1779032368385,Load Users 1-88,GET /work random mode,200,62
1779032368322,Load Users 1-99,GET /work random mode,200,130
1779032367982,Load Users 1-46,POST /batch mixed tasks,200,473
1779032367838,Load Users 1-66,POST /batch mixed tasks,200,619
1779032367786,Load Users 1-38,POST /batch mixed tasks,200,673
1779032367850,Load Users 1-87,POST /batch mixed tasks,200,625
1779032367957,Load Users 1-86,POST /batch mixed tasks,200,535
1779032368148,Load Users 1-72,GET /work random mode,200,351
1779032368487,Load Users 1-33,GET /work random mode,200,12
1779032368155,Load Users 1-26,GET /work random mode,200,346
1779032368145,Load Users 1-51,GET /work random mode,200,358
1779032367988,Load Users 1-52,POST /batch mixed tasks,200,516
1779032368282,Load Users 1-15,POST /batch mixed tasks,200,224
1779032368297,Load Users 1-61,POST /batch mixed tasks,200,215
1779032368237,Load Users 1-93,POST /batch mixed tasks,200,277
1779032368428,Load Users 1-4,GET /work random mode,200,87
1779032368295,Load Users 1-78,POST /batch mixed tasks,200,226
1779032368027,Load Users 1-36,POST /batch mixed tasks,200,494
1779032367802,Load Users 1-70,POST /batch mixed tasks,200,719
1779032368218,Load Users 1-43,POST /batch mixed tasks,200,306
1779032368395,Load Users 1-29,GET /work random mode,200,130
1779032368117,Load Users 1-42,GET /work random mode,200,417
1779032367891,Load Users 1-2,POST /batch mixed tasks,200,650
1779032368398,Load Users 1-92,GET /work random mode,200,146
1779032368454,Load Users 1-12,GET /work random mode,200,99
1779032368317,Load Users 1-83,POST /batch mixed tasks,200,237
1779032368428,Load Users 1-58,GET /work random mode,200,127
1779032368357,Load Users 1-91,POST /batch mixed tasks,200,198
1779032368475,Load Users 1-64,POST /batch mixed tasks,200,84
1779032368495,Load Users 1-60,GET /work random mode,200,76
1779032368459,Load Users 1-94,GET /work random mode,200,119
1779032368045,Load Users 1-81,GET /work random mode,200,538
1779032367687,Load Users 1-47,GET /work random mode,200,897
1779032367775,Load Users 1-80,POST /batch mixed tasks,200,810
1779032368303,Load Users 1-97,GET /work random mode,200,288
1779032368004,Load Users 1-73,GET /work random mode,200,588
1779032367847,Load Users 1-67,GET /work random mode,200,762
1779032368329,Load Users 1-35,GET /work random mode,200,281
1779032368189,Load Users 1-23,POST /batch mixed tasks,200,426
1779032368426,Load Users 1-48,POST /batch mixed tasks,200,196
1779032368285,Load Users 1-95,GET /work random mode,200,344
1779032368346,Load Users 1-65,GET /work random mode,200,285
1779032368517,Load Users 1-41,GET /work random mode,200,116
1779032368551,Load Users 1-4,GET /work random mode,200,85
1779032367754,Load Users 1-50,POST /batch mixed tasks,200,887
1779032368553,Load Users 1-99,GET /work random mode,200,91
1779032368629,Load Users 1-2,GET /work random mode,200,24
1779032368050,Load Users 1-5,POST /batch mixed tasks,200,606
1779032368111,Load Users 1-57,GET /work random mode,200,557
1779032368336,Load Users 1-13,POST /batch mixed tasks,200,332
1779032368612,Load Users 1-15,GET /work random mode,200,56
1779032368520,Load Users 1-38,GET /work random mode,200,149
1779032368443,Load Users 1-79,GET /work random mode,200,228
1779032368381,Load Users 1-69,GET /work random mode,200,295
1779032368500,Load Users 1-54,GET /work random mode,200,180
1779032368533,Load Users 1-56,GET /work random mode,200,149
1779032368433,Load Users 1-31,GET /work random mode,200,252
1779032368302,Load Users 1-89,POST /batch mixed tasks,200,384
1779032368527,Load Users 1-14,POST /batch mixed tasks,200,160
1779032368230,Load Users 1-20,POST /batch mixed tasks,200,462
1779032368383,Load Users 1-45,GET /work random mode,200,312
1779032368442,Load Users 1-16,POST /batch mixed tasks,200,260
1779032367926,Load Users 1-10,GET /work random mode,200,777
1779032368612,Load Users 1-91,GET /work random mode,200,94
1779032368147,Load Users 1-3,POST /batch mixed tasks,200,560
1779032368222,Load Users 1-63,POST /batch mixed tasks,200,485
1779032368307,Load Users 1-17,GET /work random mode,200,403
1779032368494,Load Users 1-34,GET /work random mode,200,217
1779032368536,Load Users 1-22,POST /batch mixed tasks,200,176
1779032368508,Load Users 1-6,GET /work random mode,200,205
1779032368628,Load Users 1-29,POST /batch mixed tasks,200,86
1779032368229,Load Users 1-8,POST /batch mixed tasks,200,486
1779032368600,Load Users 1-36,POST /batch mixed tasks,200,115
1779032368255,Load Users 1-55,POST /batch mixed tasks,200,464
1779032368114,Load Users 1-90,POST /batch mixed tasks,200,610
1779032368706,Load Users 1-38,GET /work random mode,200,29
1779032368102,Load Users 1-53,GET /work random mode,200,637
1779032367990,Load Users 1-75,POST /batch mixed tasks,200,751
1779032368587,Load Users 1-52,GET /work random mode,200,157
1779032368139,Load Users 1-11,GET /work random mode,200,608
1779032368439,Load Users 1-19,GET /work random mode,200,309
1779032368394,Load Users 1-100,GET /work random mode,200,357
1779032368724,Load Users 1-50,GET /work random mode,200,30
1779032368317,Load Users 1-74,GET /work random mode,200,449
1779032368757,Load Users 1-4,GET /work random mode,200,10
1779032368565,Load Users 1-49,POST /batch mixed tasks,200,204
1779032368756,Load Users 1-34,GET /work random mode,200,16
1779032368338,Load Users 1-84,POST /batch mixed tasks,200,465
1779032368762,Load Users 1-6,GET /work random mode,200,42
1779032368765,Load Users 1-8,GET /work random mode,200,45
1779032368728,Load Users 1-95,POST /batch mixed tasks,200,85
1779032368817,Load Users 1-91,GET /work random mode,200,11
1779032368815,Load Users 1-49,GET /work random mode,200,13
1779032368727,Load Users 1-54,GET /work random mode,200,103
1779032368633,Load Users 1-93,GET /work random mode,200,199
1779032368769,Load Users 1-5,POST /batch mixed tasks,200,64
1779032368616,Load Users 1-51,POST /batch mixed tasks,200,217
1779032368821,Load Users 1-56,GET /work random mode,200,15
1779032368455,Load Users 1-21,GET /work random mode,200,384
1779032368162,Load Users 1-24,GET /work random mode,200,677
1779032368733,Load Users 1-79,GET /work random mode,200,108
1779032368603,Load Users 1-70,POST /batch mixed tasks,200,241
1779032368835,Load Users 1-84,GET /work random mode,200,10
1779032368628,Load Users 1-80,GET /work random mode,200,226
1779032368728,Load Users 1-47,GET /work random mode,200,128
1779032368780,Load Users 1-52,GET /work random mode,200,87
1779032368474,Load Users 1-59,GET /work random mode,200,394
1779032368507,Load Users 1-68,POST /batch mixed tasks,200,362
1779032368835,Load Users 1-63,GET /work random mode,200,35
1779032368122,Load Users 1-39,POST /batch mixed tasks,200,752
1779032368592,Load Users 1-83,POST /batch mixed tasks,200,283
1779032368526,Load Users 1-82,POST /batch mixed tasks,200,367
1779032368589,Load Users 1-43,POST /batch mixed tasks,200,308
1779032368737,Load Users 1-15,GET /work random mode,200,161
1779032368225,Load Users 1-25,POST /batch mixed tasks,200,683
1779032368573,Load Users 1-26,GET /work random mode,200,336
1779032368822,Load Users 1-3,GET /work random mode,200,92
1779032368435,Load Users 1-44,GET /work random mode,200,483
1779032368743,Load Users 1-22,GET /work random mode,200,176
1779032368895,Load Users 1-8,GET /work random mode,200,26
1779032368858,Load Users 1-34,GET /work random mode,200,63
1779032368426,Load Users 1-77,POST /batch mixed tasks,200,496
1779032368718,Load Users 1-41,GET /work random mode,200,208
1779032368420,Load Users 1-98,POST /batch mixed tasks,200,507
1779032368827,Load Users 1-38,GET /work random mode,200,104
1779032368900,Load Users 1-49,GET /work random mode,200,45
1779032368320,Load Users 1-32,GET /work random mode,200,625
1779032368938,Load Users 1-43,GET /work random mode,200,9
1779032368907,Load Users 1-74,GET /work random mode,200,45
1779032368746,Load Users 1-14,GET /work random mode,200,211
1779032368435,Load Users 1-40,POST /batch mixed tasks,200,525
1779032368916,Load Users 1-68,GET /work random mode,200,49
1779032368969,Load Users 1-21,GET /work random mode,200,4
1779032368278,Load Users 1-9,POST /batch mixed tasks,200,703
1779032368973,Load Users 1-63,GET /work random mode,200,9
1779032368974,Load Users 1-8,GET /work random mode,200,9
1779032368673,Load Users 1-94,GET /work random mode,200,315
1779032368897,Load Users 1-79,GET /work random mode,200,93
1779032368644,Load Users 1-60,POST /batch mixed tasks,200,353
1779032368529,Load Users 1-46,GET /work random mode,200,472
1779032368729,Load Users 1-73,GET /work random mode,200,273
1779032368964,Load Users 1-54,GET /work random mode,200,39
1779032368530,Load Users 1-87,POST /batch mixed tasks,200,476
1779032368769,Load Users 1-48,GET /work random mode,200,242
1779032369024,Load Users 1-74,GET /work random mode,200,7
1779032368789,Load Users 1-11,GET /work random mode,200,244
1779032368935,Load Users 1-56,POST /batch mixed tasks,200,105
1779032369045,Load Users 1-32,GET /work random mode,200,12
1779032368824,Load Users 1-29,POST /batch mixed tasks,200,234
1779032368713,Load Users 1-81,POST /batch mixed tasks,200,351
1779032368597,Load Users 1-92,POST /batch mixed tasks,200,469
1779032368750,Load Users 1-99,POST /batch mixed tasks,200,317
1779032368649,Load Users 1-64,POST /batch mixed tasks,200,418
1779032368946,Load Users 1-52,POST /batch mixed tasks,200,129
1779032368888,Load Users 1-80,POST /batch mixed tasks,200,194
1779032368293,Load Users 1-18,POST /batch mixed tasks,200,789
1779032368857,Load Users 1-50,POST /batch mixed tasks,200,229
1779032369055,Load Users 1-44,GET /work random mode,200,32
1779032369051,Load Users 1-26,GET /work random mode,200,39
1779032368961,Load Users 1-3,POST /batch mixed tasks,200,141
1779032368907,Load Users 1-84,POST /batch mixed tasks,200,196
1779032368467,Load Users 1-96,POST /batch mixed tasks,200,638
1779032368740,Load Users 1-13,GET /work random mode,200,365
1779032368594,Load Users 1-12,POST /batch mixed tasks,200,517
1779032368560,Load Users 1-28,POST /batch mixed tasks,200,553
1779032368977,Load Users 1-70,GET /work random mode,200,137
1779032368762,Load Users 1-31,POST /batch mixed tasks,200,355
1779032369104,Load Users 1-74,GET /work random mode,200,15
1779032368193,Load Users 1-76,POST /batch mixed tasks,200,927
1779032368562,Load Users 1-61,GET /work random mode,200,561
1779032368789,Load Users 1-20,POST /batch mixed tasks,200,336
1779032368781,Load Users 1-17,POST /batch mixed tasks,200,347
1779032369032,Load Users 1-15,GET /work random mode,200,104
1779032369041,Load Users 1-43,POST /batch mixed tasks,200,103
1779032369087,Load Users 1-54,POST /batch mixed tasks,200,57
1779032368649,Load Users 1-67,GET /work random mode,200,496
1779032369103,Load Users 1-79,GET /work random mode,200,45
1779032368966,Load Users 1-98,POST /batch mixed tasks,200,182
1779032368436,Load Users 1-1,GET /work random mode,200,715
1779032369146,Load Users 1-48,GET /work random mode,200,5
1779032368887,Load Users 1-6,POST /batch mixed tasks,200,265
1779032368965,Load Users 1-82,GET /work random mode,200,189
1779032369150,Load Users 1-12,GET /work random mode,200,5
1779032368901,Load Users 1-91,POST /batch mixed tasks,200,262
1779032369145,Load Users 1-56,GET /work random mode,200,26
1779032368510,Load Users 1-88,POST /batch mixed tasks,200,667
1779032368566,Load Users 1-86,POST /batch mixed tasks,200,613
1779032368743,Load Users 1-65,POST /batch mixed tasks,200,439
1779032368666,Load Users 1-78,GET /work random mode,200,521
1779032368324,Load Users 1-62,GET /work random mode,200,870
1779032368809,Load Users 1-10,GET /work random mode,200,385
1779032368446,Load Users 1-85,POST /batch mixed tasks,200,754
1779032368624,Load Users 1-42,GET /work random mode,200,580
1779032368606,Load Users 1-33,POST /batch mixed tasks,200,601
1779032368674,Load Users 1-35,GET /work random mode,200,556
1779032369136,Load Users 1-99,POST /batch mixed tasks,200,94
1779032368864,Load Users 1-5,GET /work random mode,200,368
1779032368856,Load Users 1-19,GET /work random mode,200,380
1779032368831,Load Users 1-89,POST /batch mixed tasks,200,409
1779032369233,Load Users 1-31,GET /work random mode,200,11
1779032369193,Load Users 1-28,GET /work random mode,200,53
1779032369242,Load Users 1-1,GET /work random mode,200,11
1779032369016,Load Users 1-63,GET /work random mode,200,241
1779032368508,Load Users 1-7,POST /batch mixed tasks,200,754
1779032369261,Load Users 1-76,GET /work random mode,200,4
1779032369166,Load Users 1-52,GET /work random mode,200,99
1779032368824,Load Users 1-45,GET /work random mode,200,444
1779032368708,Load Users 1-97,POST /batch mixed tasks,200,563
1779032369203,Load Users 1-56,GET /work random mode,200,72
1779032368729,Load Users 1-69,GET /work random mode,200,550
1779032368849,Load Users 1-16,POST /batch mixed tasks,200,436
1779032369252,Load Users 1-20,GET /work random mode,200,37
1779032368348,Load Users 1-71,POST /batch mixed tasks,200,950
1779032369041,Load Users 1-77,GET /work random mode,200,259
1779032368979,Load Users 1-49,POST /batch mixed tasks,200,326
1779032369295,Load Users 1-12,GET /work random mode,200,18
1779032368541,Load Users 1-72,GET /work random mode,200,787
1779032369070,Load Users 1-38,POST /batch mixed tasks,200,260
1779032368980,Load Users 1-25,POST /batch mixed tasks,200,351
1779032369328,Load Users 1-78,GET /work random mode,200,3
1779032368769,Load Users 1-53,POST /batch mixed tasks,200,562
1779032368737,Load Users 1-23,POST /batch mixed tasks,200,595
1779032369076,Load Users 1-60,POST /batch mixed tasks,200,258
1779032369154,Load Users 1-18,POST /batch mixed tasks,200,184
1779032369336,Load Users 1-49,GET /work random mode,200,3
1779032369281,Load Users 1-89,GET /work random mode,200,61
1779032369116,Load Users 1-73,POST /batch mixed tasks,200,226
1779032369332,Load Users 1-35,GET /work random mode,200,11
1779032369253,Load Users 1-91,POST /batch mixed tasks,200,91
1779032369055,Load Users 1-46,POST /batch mixed tasks,200,293
1779032368455,Load Users 1-30,GET /work random mode,200,894
1779032369295,Load Users 1-33,POST /batch mixed tasks,200,61
1779032369150,Load Users 1-32,POST /batch mixed tasks,200,210
1779032368690,Load Users 1-58,GET /work random mode,200,670
1779032368525,Load Users 1-37,POST /batch mixed tasks,200,841
1779032368897,Load Users 1-100,POST /batch mixed tasks,200,469
1779032369235,Load Users 1-79,GET /work random mode,200,132
1779032369191,Load Users 1-26,GET /work random mode,200,176
1779032369363,Load Users 1-1,GET /work random mode,200,6
1779032368801,Load Users 1-90,POST /batch mixed tasks,200,570
1779032368940,Load Users 1-83,GET /work random mode,200,433
1779032368545,Load Users 1-66,POST /batch mixed tasks,200,831
1779032368800,Load Users 1-36,GET /work random mode,200,581
1779032368891,Load Users 1-93,POST /batch mixed tasks,200,494
1779032369333,Load Users 1-42,GET /work random mode,200,58
1779032369305,Load Users 1-62,POST /batch mixed tasks,200,95
1779032368967,Load Users 1-24,POST /batch mixed tasks,200,433
1779032369348,Load Users 1-52,POST /batch mixed tasks,200,59
1779032369382,Load Users 1-31,GET /work random mode,200,32
1779032369280,Load Users 1-85,GET /work random mode,200,137
1779032369333,Load Users 1-28,GET /work random mode,200,87
1779032369147,Load Users 1-44,GET /work random mode,200,273
1779032369412,Load Users 1-25,GET /work random mode,200,12
1779032369407,Load Users 1-16,GET /work random mode,200,23
1779032369140,Load Users 1-29,POST /batch mixed tasks,200,295
1779032369352,Load Users 1-12,GET /work random mode,200,84
1779032369234,Load Users 1-70,GET /work random mode,200,205
1779032368573,Load Users 1-27,GET /work random mode,200,874
1779032369141,Load Users 1-13,POST /batch mixed tasks,200,307
1779032369310,Load Users 1-97,GET /work random mode,200,143
1779032368741,Load Users 1-57,POST /batch mixed tasks,200,713
1779032368804,Load Users 1-4,GET /work random mode,200,653
1779032368956,Load Users 1-51,POST /batch mixed tasks,200,506
1779032368915,Load Users 1-39,POST /batch mixed tasks,200,547
1779032369288,Load Users 1-43,POST /batch mixed tasks,200,178
1779032369460,Load Users 1-93,GET /work random mode,200,7
1779032369310,Load Users 1-56,POST /batch mixed tasks,200,176
1779032369434,Load Users 1-73,GET /work random mode,200,55
1779032369017,Load Users 1-34,GET /work random mode,200,474
1779032369276,Load Users 1-54,GET /work random mode,200,218
1779032369011,Load Users 1-59,POST /batch mixed tasks,200,485
1779032369261,Load Users 1-48,POST /batch mixed tasks,200,235
1779032369454,Load Users 1-78,GET /work random mode,200,46
1779032369323,Load Users 1-20,POST /batch mixed tasks,200,183
1779032369126,Load Users 1-87,POST /batch mixed tasks,200,385
1779032369229,Load Users 1-86,GET /work random mode,200,282
1779032369375,Load Users 1-35,POST /batch mixed tasks,200,137
1779032369449,Load Users 1-33,GET /work random mode,200,64
1779032369143,Load Users 1-92,POST /batch mixed tasks,200,373
1779032369153,Load Users 1-80,GET /work random mode,200,366
1779032368791,Load Users 1-2,POST /batch mixed tasks,200,740
1779032369155,Load Users 1-50,POST /batch mixed tasks,200,377
1779032369422,Load Users 1-1,GET /work random mode,200,117
1779032369481,Load Users 1-46,GET /work random mode,200,61
1779032369001,Load Users 1-47,POST /batch mixed tasks,200,541
1779032369110,Load Users 1-68,POST /batch mixed tasks,200,432
1779032369113,Load Users 1-9,POST /batch mixed tasks,200,432
1779032369201,Load Users 1-6,GET /work random mode,200,345
1779032369474,Load Users 1-58,GET /work random mode,200,77
1779032369221,Load Users 1-3,GET /work random mode,200,331
1779032369450,Load Users 1-26,POST /batch mixed tasks,200,104
1779032369261,Load Users 1-82,POST /batch mixed tasks,200,294
1779032369085,Load Users 1-94,POST /batch mixed tasks,200,479
1779032369559,Load Users 1-44,GET /work random mode,200,15
1779032369502,Load Users 1-70,GET /work random mode,200,75
1779032369539,Load Users 1-31,GET /work random mode,200,41
1779032369309,Load Users 1-69,POST /batch mixed tasks,200,281
1779032369240,Load Users 1-61,GET /work random mode,200,356
1779032368920,Load Users 1-95,GET /work random mode,200,677
1779032369469,Load Users 1-52,GET /work random mode,200,136
1779032369579,Load Users 1-27,GET /work random mode,200,26
1779032369296,Load Users 1-98,POST /batch mixed tasks,200,311
1779032369505,Load Users 1-90,POST /batch mixed tasks,200,113
1779032369612,Load Users 1-9,GET /work random mode,200,8
1779032369563,Load Users 1-13,GET /work random mode,200,61
1779032369037,Load Users 1-21,POST /batch mixed tasks,200,588
1779032369598,Load Users 1-93,GET /work random mode,200,41
1779032369575,Load Users 1-51,GET /work random mode,200,67
1779032369490,Load Users 1-85,GET /work random mode,200,154
1779032369399,Load Users 1-45,POST /batch mixed tasks,200,256
1779032369368,Load Users 1-19,GET /work random mode,200,289
1779032369594,Load Users 1-4,GET /work random mode,200,64
1779032369631,Load Users 1-2,GET /work random mode,200,30
1779032369349,Load Users 1-5,POST /batch mixed tasks,200,312
1779032369226,Load Users 1-10,GET /work random mode,200,437
1779032369181,Load Users 1-67,POST /batch mixed tasks,200,485
1779032369232,Load Users 1-88,GET /work random mode,200,438
1779032369453,Load Users 1-100,GET /work random mode,200,219
1779032369592,Load Users 1-82,GET /work random mode,200,82
1779032369360,Load Users 1-99,POST /batch mixed tasks,200,322
1779032369663,Load Users 1-44,GET /work random mode,200,21
1779032369466,Load Users 1-37,GET /work random mode,200,222
1779032369429,Load Users 1-38,GET /work random mode,200,264
1779032369524,Load Users 1-36,GET /work random mode,200,173
1779032369549,Load Users 1-56,GET /work random mode,200,151
1779032369622,Load Users 1-70,GET /work random mode,200,81
1779032369500,Load Users 1-12,GET /work random mode,200,207
1779032369027,Load Users 1-22,POST /batch mixed tasks,200,700
1779032369557,Load Users 1-48,POST /batch mixed tasks,200,175
1779032369098,Load Users 1-11,POST /batch mixed tasks,200,637
1779032369324,Load Users 1-7,POST /batch mixed tasks,200,412
1779032369167,Load Users 1-64,GET /work random mode,200,572
1779032369114,Load Users 1-8,GET /work random mode,200,627
1779032369539,Load Users 1-28,GET /work random mode,200,206
1779032368869,Load Users 1-75,GET /work random mode,200,886
1779032369626,Load Users 1-35,GET /work random mode,200,132
1779032369719,Load Users 1-44,GET /work random mode,200,43
1779032369000,Load Users 1-40,GET /work random mode,200,762
1779032369505,Load Users 1-66,GET /work random mode,200,259
1779032369585,Load Users 1-92,GET /work random mode,200,180
1779032369124,Load Users 1-81,GET /work random mode,200,643
1779032369749,Load Users 1-88,GET /work random mode,200,21
1779032369242,Load Users 1-74,GET /work random mode,200,531
1779032369542,Load Users 1-62,GET /work random mode,200,240
1779032368779,Load Users 1-55,POST /batch mixed tasks,200,1004
1779032369738,Load Users 1-56,GET /work random mode,200,48
1779032369214,Load Users 1-17,POST /batch mixed tasks,200,582
1779032369258,Load Users 1-65,POST /batch mixed tasks,200,548
1779032369522,Load Users 1-73,GET /work random mode,200,285
1779032369640,Load Users 1-94,POST /batch mixed tasks,200,168
1779032369430,Load Users 1-83,POST /batch mixed tasks,200,383
1779032369785,Load Users 1-45,GET /work random mode,200,28
1779032369418,Load Users 1-89,POST /batch mixed tasks,200,398
1779032369623,Load Users 1-26,POST /batch mixed tasks,200,198
1779032369664,Load Users 1-1,POST /batch mixed tasks,200,160
1779032369499,Load Users 1-25,GET /work random mode,200,325
1779032369651,Load Users 1-27,POST /batch mixed tasks,200,176
1779032369775,Load Users 1-8,GET /work random mode,200,52
1779032369822,Load Users 1-55,GET /work random mode,200,11
1779032369683,Load Users 1-69,GET /work random mode,200,159
1779032369592,Load Users 1-80,POST /batch mixed tasks,200,250
1779032369745,Load Users 1-95,GET /work random mode,200,110
1779032369631,Load Users 1-68,POST /batch mixed tasks,200,234
1779032369754,Load Users 1-70,POST /batch mixed tasks,200,122
1779032369709,Load Users 1-100,POST /batch mixed tasks,200,168
1779032369416,Load Users 1-79,POST /batch mixed tasks,200,466
1779032369373,Load Users 1-18,POST /batch mixed tasks,200,509
1779032369648,Load Users 1-52,POST /batch mixed tasks,200,243
1779032369383,Load Users 1-60,POST /batch mixed tasks,200,509
1779032369626,Load Users 1-46,GET /work random mode,200,273
1779032369550,Load Users 1-20,POST /batch mixed tasks,200,349
1779032369492,Load Users 1-97,GET /work random mode,200,410
1779032369643,Load Users 1-54,POST /batch mixed tasks,200,261
1779032369805,Load Users 1-48,GET /work random mode,200,104
1779032369678,Load Users 1-58,POST /batch mixed tasks,200,233
1779032369057,Load Users 1-14,POST /batch mixed tasks,200,861
1779032369632,Load Users 1-86,POST /batch mixed tasks,200,291
1779032369712,Load Users 1-2,POST /batch mixed tasks,200,211
1779032369302,Load Users 1-76,POST /batch mixed tasks,200,624
1779032369438,Load Users 1-91,POST /batch mixed tasks,200,490
1779032369821,Load Users 1-7,GET /work random mode,200,113
1779032369839,Load Users 1-40,POST /batch mixed tasks,200,98
1779032369500,Load Users 1-24,GET /work random mode,200,442
1779032369188,Load Users 1-84,GET /work random mode,200,760
1779032369790,Load Users 1-99,GET /work random mode,200,168
1779032369713,Load Users 1-67,GET /work random mode,200,246
1779032369695,Load Users 1-4,POST /batch mixed tasks,200,266
1779032369476,Load Users 1-72,POST /batch mixed tasks,200,485
1779032369870,Load Users 1-27,GET /work random mode,200,91
1779032369923,Load Users 1-95,GET /work random mode,200,41
1779032369699,Load Users 1-31,POST /batch mixed tasks,200,265
1779032369897,Load Users 1-26,GET /work random mode,200,71
1779032369543,Load Users 1-34,POST /batch mixed tasks,200,427
1779032369534,Load Users 1-39,GET /work random mode,200,437
1779032369629,Load Users 1-87,POST /batch mixed tasks,200,345
1779032369221,Load Users 1-15,POST /batch mixed tasks,200,755
1779032369601,Load Users 1-59,GET /work random mode,200,378
1779032369721,Load Users 1-85,POST /batch mixed tasks,200,262
1779032369393,Load Users 1-30,POST /batch mixed tasks,200,599
1779032369975,Load Users 1-80,GET /work random mode,200,18
1779032369445,Load Users 1-32,POST /batch mixed tasks,200,550
1779032369995,Load Users 1-86,GET /work random mode,200,6
1779032369882,Load Users 1-1,GET /work random mode,200,125
1779032369339,Load Users 1-71,POST /batch mixed tasks,200,670
1779032369638,Load Users 1-50,POST /batch mixed tasks,200,375
1779032369968,Load Users 1-18,GET /work random mode,200,51
1779032369546,Load Users 1-43,POST /batch mixed tasks,200,479
1779032369889,Load Users 1-73,POST /batch mixed tasks,200,137
1779032369886,Load Users 1-66,GET /work random mode,200,146
1779032370030,Load Users 1-60,GET /work random mode,200,8
1779032370005,Load Users 1-100,GET /work random mode,200,36
1779032369860,Load Users 1-35,GET /work random mode,200,188
1779032369683,Load Users 1-9,POST /batch mixed tasks,200,370
1779032369774,Load Users 1-51,POST /batch mixed tasks,200,280
1779032369329,Load Users 1-63,POST /batch mixed tasks,200,728
1779032369796,Load Users 1-44,GET /work random mode,200,265
1779032369762,Load Users 1-93,POST /batch mixed tasks,200,299
1779032369834,Load Users 1-28,GET /work random mode,200,227
1779032370044,Load Users 1-30,GET /work random mode,200,19
1779032369959,Load Users 1-79,GET /work random mode,200,105
1779032369617,Load Users 1-6,POST /batch mixed tasks,200,448
1779032369427,Load Users 1-77,GET /work random mode,200,641
1779032370006,Load Users 1-46,POST /batch mixed tasks,200,68
1779032369772,Load Users 1-38,POST /batch mixed tasks,200,304
1779032369959,Load Users 1-89,POST /batch mixed tasks,200,120
1779032369850,Load Users 1-74,POST /batch mixed tasks,200,235
1779032369758,Load Users 1-21,POST /batch mixed tasks,200,333
1779032370079,Load Users 1-26,GET /work random mode,200,16
1779032369585,Load Users 1-78,POST /batch mixed tasks,200,510
1779032369890,Load Users 1-92,POST /batch mixed tasks,200,212
1779032369954,Load Users 1-65,POST /batch mixed tasks,200,148
1779032369532,Load Users 1-57,POST /batch mixed tasks,200,573
1779032369509,Load Users 1-16,GET /work random mode,200,602
1779032369577,Load Users 1-33,POST /batch mixed tasks,200,534
1779032369784,Load Users 1-19,POST /batch mixed tasks,200,328
1779032369773,Load Users 1-11,POST /batch mixed tasks,200,349
1779032370104,Load Users 1-59,GET /work random mode,200,30
1779032370064,Load Users 1-71,GET /work random mode,200,77
1779032369680,Load Users 1-98,GET /work random mode,200,462
1779032369918,Load Users 1-55,POST /batch mixed tasks,200,231
1779032370000,Load Users 1-68,GET /work random mode,200,152
1779032369685,Load Users 1-47,POST /batch mixed tasks,200,472
1779032370133,Load Users 1-35,GET /work random mode,200,24
1779032369808,Load Users 1-10,POST /batch mixed tasks,200,349
1779032370037,Load Users 1-34,GET /work random mode,200,126
1779032369884,Load Users 1-56,POST /batch mixed tasks,200,282
1779032369768,Load Users 1-36,GET /work random mode,200,403
1779032369556,Load Users 1-29,POST /batch mixed tasks,200,620
1779032370125,Load Users 1-6,GET /work random mode,200,51
1779032369382,Load Users 1-49,POST /batch mixed tasks,200,796
1779032369837,Load Users 1-22,GET /work random mode,200,358
1779032369402,Load Users 1-23,POST /batch mixed tasks,200,800
1779032370024,Load Users 1-76,POST /batch mixed tasks,200,180
1779032369441,Load Users 1-42,GET /work random mode,200,764
1779032369821,Load Users 1-62,POST /batch mixed tasks,200,386
1779032370207,Load Users 1-77,GET /work random mode,200,8
1779032369919,Load Users 1-83,POST /batch mixed tasks,200,296
1779032370197,Load Users 1-16,GET /work random mode,200,27
1779032370142,Load Users 1-93,POST /batch mixed tasks,200,84
1779032370125,Load Users 1-50,GET /work random mode,200,102
1779032370113,Load Users 1-89,GET /work random mode,200,117
1779032370221,Load Users 1-21,GET /work random mode,200,24
1779032370218,Load Users 1-46,GET /work random mode,200,39
1779032369986,Load Users 1-40,POST /batch mixed tasks,200,274
1779032370122,Load Users 1-85,POST /batch mixed tasks,200,144
1779032370097,Load Users 1-84,POST /batch mixed tasks,200,188
1779032370071,Load Users 1-39,GET /work random mode,200,220
1779032370279,Load Users 1-77,GET /work random mode,200,13
1779032369661,Load Users 1-3,GET /work random mode,200,632
1779032370112,Load Users 1-28,POST /batch mixed tasks,200,188
1779032370146,Load Users 1-60,POST /batch mixed tasks,200,154
1779032369799,Load Users 1-12,POST /batch mixed tasks,200,505
1779032370262,Load Users 1-35,GET /work random mode,200,57
1779032370312,Load Users 1-21,GET /work random mode,200,10
1779032369038,Load Users 1-41,GET /work random mode,200,1285
1779032369874,Load Users 1-45,GET /work random mode,200,450
1779032370055,Load Users 1-2,GET /work random mode,200,272
1779032370243,Load Users 1-29,GET /work random mode,200,90
1779032369991,Load Users 1-24,POST /batch mixed tasks,200,344
1779032369969,Load Users 1-58,GET /work random mode,200,372
1779032369908,Load Users 1-8,POST /batch mixed tasks,200,439
1779032370241,Load Users 1-98,GET /work random mode,200,111
1779032370030,Load Users 1-7,POST /batch mixed tasks,200,324
1779032369739,Load Users 1-5,POST /batch mixed tasks,200,620
1779032370145,Load Users 1-44,POST /batch mixed tasks,200,218
1779032370090,Load Users 1-99,POST /batch mixed tasks,200,278
1779032370114,Load Users 1-73,GET /work random mode,200,257
1779032369956,Load Users 1-69,GET /work random mode,200,415
1779032369939,Load Users 1-70,GET /work random mode,200,436
1779032370028,Load Users 1-67,POST /batch mixed tasks,200,349
1779032370096,Load Users 1-72,POST /batch mixed tasks,200,282
1779032370297,Load Users 1-47,POST /batch mixed tasks,200,88
1779032370379,Load Users 1-84,GET /work random mode,200,9
1779032370138,Load Users 1-100,GET /work random mode,200,252
1779032370391,Load Users 1-7,GET /work random mode,200,2
1779032370083,Load Users 1-18,GET /work random mode,200,314
1779032370164,Load Users 1-33,POST /batch mixed tasks,200,235
1779032370178,Load Users 1-38,POST /batch mixed tasks,200,225
1779032370402,Load Users 1-45,GET /work random mode,200,7
1779032370009,Load Users 1-97,GET /work random mode,200,405
1779032370039,Load Users 1-91,POST /batch mixed tasks,200,375
1779032370100,Load Users 1-4,POST /batch mixed tasks,200,315
1779032370262,Load Users 1-55,GET /work random mode,200,159
1779032370120,Load Users 1-30,POST /batch mixed tasks,200,308
1779032370031,Load Users 1-48,POST /batch mixed tasks,200,402
1779032370239,Load Users 1-36,POST /batch mixed tasks,200,194
1779032369927,Load Users 1-17,GET /work random mode,200,509
1779032370103,Load Users 1-87,POST /batch mixed tasks,200,334
1779032369872,Load Users 1-64,GET /work random mode,200,572
1779032370243,Load Users 1-92,POST /batch mixed tasks,200,208
1779032369186,Load Users 1-96,POST /batch mixed tasks,200,1272
1779032370030,Load Users 1-20,POST /batch mixed tasks,200,434
1779032369677,Load Users 1-13,POST /batch mixed tasks,200,790
1779032369981,Load Users 1-54,POST /batch mixed tasks,200,488
1779032370337,Load Users 1-40,GET /work random mode,200,137
1779032369742,Load Users 1-37,POST /batch mixed tasks,200,733
1779032370420,Load Users 1-77,GET /work random mode,200,60
1779032369822,Load Users 1-88,POST /batch mixed tasks,200,667
1779032370065,Load Users 1-86,POST /batch mixed tasks,200,428
1779032370152,Load Users 1-19,GET /work random mode,200,344
1779032370219,Load Users 1-6,POST /batch mixed tasks,200,277
1779032370428,Load Users 1-5,POST /batch mixed tasks,200,69
1779032370428,Load Users 1-24,GET /work random mode,200,75
1779032370143,Load Users 1-65,POST /batch mixed tasks,200,361
1779032370495,Load Users 1-4,GET /work random mode,200,15
1779032369793,Load Users 1-75,POST /batch mixed tasks,200,728
1779032370336,Load Users 1-89,POST /batch mixed tasks,200,188
1779032370248,Load Users 1-49,POST /batch mixed tasks,200,285
1779032369930,Load Users 1-25,POST /batch mixed tasks,200,603
1779032370079,Load Users 1-43,GET /work random mode,200,458
1779032369704,Load Users 1-82,POST /batch mixed tasks,200,833
1779032370469,Load Users 1-87,GET /work random mode,200,77
1779032370498,Load Users 1-44,GET /work random mode,200,52
1779032370130,Load Users 1-74,GET /work random mode,200,423
1779032370298,Load Users 1-42,GET /work random mode,200,257
1779032370513,Load Users 1-54,GET /work random mode,200,46
1779032370522,Load Users 1-92,GET /work random mode,200,39
1779032370457,Load Users 1-100,POST /batch mixed tasks,200,114
1779032370572,Load Users 1-48,GET /work random mode,200,8
1779032370561,Load Users 1-24,GET /work random mode,200,22
1779032370248,Load Users 1-57,POST /batch mixed tasks,200,336
1779032369420,Load Users 1-53,GET /work random mode,200,1168
1779032370020,Load Users 1-15,POST /batch mixed tasks,200,569
1779032370407,Load Users 1-85,POST /batch mixed tasks,200,185
1779032370272,Load Users 1-59,GET /work random mode,200,321
1779032370455,Load Users 1-33,POST /batch mixed tasks,200,140
1779032370418,Load Users 1-69,POST /batch mixed tasks,200,178
1779032370522,Load Users 1-97,GET /work random mode,200,74
1779032370124,Load Users 1-9,GET /work random mode,200,473
1779032370446,Load Users 1-72,POST /batch mixed tasks,200,154
1779032370132,Load Users 1-26,GET /work random mode,200,471
1779032370054,Load Users 1-31,POST /batch mixed tasks,200,554
1779032369948,Load Users 1-94,GET /work random mode,200,667
1779032370536,Load Users 1-40,POST /batch mixed tasks,200,93
1779032370035,Load Users 1-14,POST /batch mixed tasks,200,597
1779032370340,Load Users 1-28,POST /batch mixed tasks,200,294
1779032370285,Load Users 1-10,POST /batch mixed tasks,200,351
1779032370632,Load Users 1-6,GET /work random mode,200,7
1779032370472,Load Users 1-36,GET /work random mode,200,168
1779032370513,Load Users 1-67,POST /batch mixed tasks,200,135
1779032370324,Load Users 1-3,GET /work random mode,200,327
1779032370151,Load Users 1-66,POST /batch mixed tasks,200,503
1779032370109,Load Users 1-80,GET /work random mode,200,545
1779032370390,Load Users 1-12,POST /batch mixed tasks,200,274
1779032370474,Load Users 1-17,GET /work random mode,200,191
1779032370266,Load Users 1-34,POST /batch mixed tasks,200,401
1779032370627,Load Users 1-86,GET /work random mode,200,44
1779032370442,Load Users 1-84,GET /work random mode,200,231
1779032370410,Load Users 1-99,POST /batch mixed tasks,200,263
1779032369698,Load Users 1-61,POST /batch mixed tasks,200,977
1779032370675,Load Users 1-57,GET /work random mode,200,3
1779032370615,Load Users 1-43,GET /work random mode,200,66
1779032370285,Load Users 1-71,GET /work random mode,200,396
1779032370561,Load Users 1-20,POST /batch mixed tasks,200,125
1779032370683,Load Users 1-48,GET /work random mode,200,16
1779032370190,Load Users 1-79,POST /batch mixed tasks,200,510
1779032370235,Load Users 1-11,GET /work random mode,200,469
1779032370471,Load Users 1-45,POST /batch mixed tasks,200,236
1779032370481,Load Users 1-29,POST /batch mixed tasks,200,226
1779032370433,Load Users 1-47,POST /batch mixed tasks,200,277
1779032370453,Load Users 1-7,GET /work random mode,200,258
1779032370626,Load Users 1-75,GET /work random mode,200,85
1779032370644,Load Users 1-82,POST /batch mixed tasks,200,69
1779032370564,Load Users 1-25,GET /work random mode,200,150
1779032370429,Load Users 1-58,POST /batch mixed tasks,200,285
1779032370682,Load Users 1-6,GET /work random mode,200,35
1779032370405,Load Users 1-35,POST /batch mixed tasks,200,321
1779032370570,Load Users 1-65,GET /work random mode,200,160
1779032370686,Load Users 1-87,GET /work random mode,200,45
1779032370708,Load Users 1-33,GET /work random mode,200,25
1779032370334,Load Users 1-62,GET /work random mode,200,401
1779032370336,Load Users 1-50,POST /batch mixed tasks,200,400
1779032370120,Load Users 1-1,POST /batch mixed tasks,200,621
1779032370451,Load Users 1-18,POST /batch mixed tasks,200,299
1779032369843,Load Users 1-81,GET /work random mode,200,909
1779032370591,Load Users 1-88,GET /work random mode,200,162
1779032370639,Load Users 1-89,GET /work random mode,200,117
1779032370698,Load Users 1-97,GET /work random mode,200,60
1779032370140,Load Users 1-78,GET /work random mode,200,620
1779032370756,Load Users 1-58,GET /work random mode,200,6
1779032370567,Load Users 1-30,GET /work random mode,200,199
1779032370674,Load Users 1-10,POST /batch mixed tasks,200,93
1779032370450,Load Users 1-60,GET /work random mode,200,320
1779032370344,Load Users 1-76,POST /batch mixed tasks,200,431
1779032370682,Load Users 1-44,GET /work random mode,200,95
1779032370250,Load Users 1-22,POST /batch mixed tasks,200,530
1779032370564,Load Users 1-37,POST /batch mixed tasks,200,234
1779032369684,Load Users 1-90,POST /batch mixed tasks,200,1121
1779032370557,Load Users 1-4,POST /batch mixed tasks,200,257
1779032370633,Load Users 1-53,GET /work random mode,200,186
1779032370810,Load Users 1-22,GET /work random mode,200,17
1779032370485,Load Users 1-73,POST /batch mixed tasks,200,342
1779032370374,Load Users 1-93,POST /batch mixed tasks,200,459
1779032370037,Load Users 1-52,GET /work random mode,200,798
1779032370807,Load Users 1-44,GET /work random mode,200,35
1779032370833,Load Users 1-82,GET /work random mode,200,11
1779032370714,Load Users 1-43,POST /batch mixed tasks,200,130
1779032370665,Load Users 1-69,POST /batch mixed tasks,200,191
1779032370794,Load Users 1-80,GET /work random mode,200,62
1779032370303,Load Users 1-16,GET /work random mode,200,560
1779032370740,Load Users 1-14,POST /batch mixed tasks,200,124
1779032370783,Load Users 1-36,GET /work random mode,200,88
1779032370683,Load Users 1-54,POST /batch mixed tasks,200,188
1779032370709,Load Users 1-15,GET /work random mode,200,163
1779032370534,Load Users 1-64,POST /batch mixed tasks,200,341
1779032370788,Load Users 1-71,POST /batch mixed tasks,200,90
1779032370807,Load Users 1-29,GET /work random mode,200,72
1779032370842,Load Users 1-97,GET /work random mode,200,37
1779032370694,Load Users 1-40,POST /batch mixed tasks,200,188
1779032370682,Load Users 1-74,POST /batch mixed tasks,200,200
1779032370876,Load Users 1-87,GET /work random mode,200,11
1779032370054,Load Users 1-95,GET /work random mode,200,833
1779032370798,Load Users 1-11,GET /work random mode,200,95
1779032370478,Load Users 1-98,GET /work random mode,200,415
1779032370840,Load Users 1-35,GET /work random mode,200,63
1779032370839,Load Users 1-18,GET /work random mode,200,78
1779032370763,Load Users 1-75,GET /work random mode,200,166
1779032370374,Load Users 1-41,POST /batch mixed tasks,200,559
1779032370141,Load Users 1-32,POST /batch mixed tasks,200,794
1779032370838,Load Users 1-25,GET /work random mode,200,97
1779032370568,Load Users 1-19,POST /batch mixed tasks,200,370
1779032370465,Load Users 1-38,POST /batch mixed tasks,200,486
1779032370719,Load Users 1-31,POST /batch mixed tasks,200,233
1779032370835,Load Users 1-10,POST /batch mixed tasks,200,120
1779032370100,Load Users 1-51,POST /batch mixed tasks,200,856
1779032370848,Load Users 1-79,GET /work random mode,200,115
1779032370745,Load Users 1-9,POST /batch mixed tasks,200,219
1779032370728,Load Users 1-26,GET /work random mode,200,249
1779032370088,Load Users 1-63,POST /batch mixed tasks,200,891
1779032370778,Load Users 1-86,POST /batch mixed tasks,200,203
1779032370791,Load Users 1-66,GET /work random mode,200,192
1779032370687,Load Users 1-42,POST /batch mixed tasks,200,304
1779032370984,Load Users 1-97,GET /work random mode,200,9
1779032370825,Load Users 1-20,POST /batch mixed tasks,200,169
1779032370761,Load Users 1-84,POST /batch mixed tasks,200,236
1779032370321,Load Users 1-39,POST /batch mixed tasks,200,676
1779032370844,Load Users 1-6,GET /work random mode,200,154
1779032370632,Load Users 1-100,GET /work random mode,200,366
1779032370591,Load Users 1-13,POST /batch mixed tasks,200,412
1779032370713,Load Users 1-24,POST /batch mixed tasks,200,291
1779032370940,Load Users 1-35,GET /work random mode,200,80
1779032370827,Load Users 1-58,POST /batch mixed tasks,200,196
1779032370742,Load Users 1-85,GET /work random mode,200,283
1779032370935,Load Users 1-69,GET /work random mode,200,91
1779032370962,Load Users 1-14,POST /batch mixed tasks,200,66
1779032370763,Load Users 1-28,POST /batch mixed tasks,200,277
1779032370999,Load Users 1-95,GET /work random mode,200,45
1779032370296,Load Users 1-83,POST /batch mixed tasks,200,750
1779032370781,Load Users 1-61,POST /batch mixed tasks,200,268
1779032370931,Load Users 1-15,GET /work random mode,200,118
1779032370191,Load Users 1-68,POST /batch mixed tasks,200,859
1779032370771,Load Users 1-99,POST /batch mixed tasks,200,284
1779032370783,Load Users 1-50,POST /batch mixed tasks,200,277
1779032370939,Load Users 1-36,GET /work random mode,200,122
1779032370939,Load Users 1-40,POST /batch mixed tasks,200,124
1779032371054,Load Users 1-42,GET /work random mode,200,9
1779032370601,Load Users 1-96,POST /batch mixed tasks,200,464
1779032370904,Load Users 1-78,POST /batch mixed tasks,200,162
1779032370728,Load Users 1-12,POST /batch mixed tasks,200,343
1779032370604,Load Users 1-5,GET /work random mode,200,468
1779032370927,Load Users 1-93,GET /work random mode,200,149
1779032370427,Load Users 1-21,POST /batch mixed tasks,200,649
1779032370761,Load Users 1-3,POST /batch mixed tasks,200,323
1779032370904,Load Users 1-54,GET /work random mode,200,185
1779032370843,Load Users 1-47,POST /batch mixed tasks,200,259
1779032370948,Load Users 1-44,POST /batch mixed tasks,200,161
1779032370994,Load Users 1-18,POST /batch mixed tasks,200,134
1779032370691,Load Users 1-94,GET /work random mode,200,443
1779032371024,Load Users 1-64,GET /work random mode,200,110
1779032370811,Load Users 1-89,POST /batch mixed tasks,200,324
1779032371124,Load Users 1-12,GET /work random mode,200,36
1779032371158,Load Users 1-68,GET /work random mode,200,3
1779032370708,Load Users 1-72,POST /batch mixed tasks,200,456
1779032371026,Load Users 1-66,POST /batch mixed tasks,200,141
1779032371049,Load Users 1-100,GET /work random mode,200,125
1779032370856,Load Users 1-7,POST /batch mixed tasks,200,324
1779032370863,Load Users 1-81,GET /work random mode,200,318
1779032370793,Load Users 1-67,GET /work random mode,200,393
1779032370499,Load Users 1-70,GET /work random mode,200,690
1779032370856,Load Users 1-37,POST /batch mixed tasks,200,338
1779032371046,Load Users 1-9,GET /work random mode,200,155
1779032371112,Load Users 1-99,POST /batch mixed tasks,200,90
1779032371085,Load Users 1-31,GET /work random mode,200,120
1779032370637,Load Users 1-49,POST /batch mixed tasks,200,569
1779032370824,Load Users 1-62,GET /work random mode,200,402
1779032371031,Load Users 1-19,POST /batch mixed tasks,200,203
1779032371100,Load Users 1-58,GET /work random mode,200,139
1779032370388,Load Users 1-2,POST /batch mixed tasks,200,852
1779032370873,Load Users 1-4,POST /batch mixed tasks,200,371
1779032371199,Load Users 1-89,GET /work random mode,200,53
1779032370982,Load Users 1-52,POST /batch mixed tasks,200,272
1779032370281,Load Users 1-56,POST /batch mixed tasks,200,981
1779032371230,Load Users 1-54,GET /work random mode,200,33
1779032371076,Load Users 1-32,GET /work random mode,200,189
1779032371001,Load Users 1-16,POST /batch mixed tasks,200,266
1779032371099,Load Users 1-26,POST /batch mixed tasks,200,170
1779032371151,Load Users 1-83,GET /work random mode,200,122
1779032371178,Load Users 1-50,POST /batch mixed tasks,200,97
1779032370007,Load Users 1-27,POST /batch mixed tasks,200,1268
1779032370555,Load Users 1-91,POST /batch mixed tasks,200,723
1779032371015,Load Users 1-63,POST /batch mixed tasks,200,265
1779032371009,Load Users 1-79,POST /batch mixed tasks,200,272
1779032370658,Load Users 1-59,POST /batch mixed tasks,200,626
1779032370909,Load Users 1-22,POST /batch mixed tasks,200,381
1779032370930,Load Users 1-29,POST /batch mixed tasks,200,363
1779032371023,Load Users 1-98,POST /batch mixed tasks,200,277
1779032371278,Load Users 1-99,GET /work random mode,200,28
1779032370976,Load Users 1-11,POST /batch mixed tasks,200,330
1779032371237,Load Users 1-67,GET /work random mode,200,75
1779032370986,Load Users 1-82,GET /work random mode,200,344
1779032371277,Load Users 1-37,GET /work random mode,200,53
1779032370805,Load Users 1-34,GET /work random mode,200,526
1779032371115,Load Users 1-28,GET /work random mode,200,218
1779032371240,Load Users 1-9,GET /work random mode,200,95
1779032370918,Load Users 1-73,GET /work random mode,200,426
1779032370762,Load Users 1-45,POST /batch mixed tasks,200,586
1779032371185,Load Users 1-40,POST /batch mixed tasks,200,163
1779032371288,Load Users 1-62,GET /work random mode,200,63
1779032371146,Load Users 1-39,POST /batch mixed tasks,200,207
1779032370858,Load Users 1-53,POST /batch mixed tasks,200,498
1779032370906,Load Users 1-90,POST /batch mixed tasks,200,451
1779032370910,Load Users 1-30,POST /batch mixed tasks,200,455
1779032370913,Load Users 1-74,POST /batch mixed tasks,200,454
1779032371103,Load Users 1-84,GET /work random mode,200,266
1779032370829,Load Users 1-48,GET /work random mode,200,549
1779032371359,Load Users 1-54,GET /work random mode,200,22
1779032371119,Load Users 1-24,GET /work random mode,200,269
1779032371195,Load Users 1-44,GET /work random mode,200,208
1779032371393,Load Users 1-50,GET /work random mode,200,12
1779032371309,Load Users 1-72,GET /work random mode,200,98
1779032371204,Load Users 1-21,POST /batch mixed tasks,200,206
1779032371307,Load Users 1-56,GET /work random mode,200,104
1779032370831,Load Users 1-65,GET /work random mode,200,582
1779032371049,Load Users 1-6,GET /work random mode,200,370
1779032371161,Load Users 1-36,POST /batch mixed tasks,200,259
1779032370937,Load Users 1-87,GET /work random mode,200,497
1779032371112,Load Users 1-20,POST /batch mixed tasks,200,324
1779032371012,Load Users 1-71,GET /work random mode,200,425
1779032370827,Load Users 1-1,POST /batch mixed tasks,200,613
1779032371055,Load Users 1-97,POST /batch mixed tasks,200,386
1779032370300,Load Users 1-46,GET /work random mode,200,1145
1779032371098,Load Users 1-35,GET /work random mode,200,349
1779032370990,Load Users 1-75,POST /batch mixed tasks,200,458
1779032371336,Load Users 1-58,GET /work random mode,200,113
1779032371198,Load Users 1-78,POST /batch mixed tasks,200,262
1779032370854,Load Users 1-76,GET /work random mode,200,610
1779032371456,Load Users 1-45,GET /work random mode,200,11
1779032371442,Load Users 1-29,GET /work random mode,200,26
1779032371334,Load Users 1-49,POST /batch mixed tasks,200,134
1779032371178,Load Users 1-15,POST /batch mixed tasks,200,291
1779032371226,Load Users 1-64,POST /batch mixed tasks,200,250
1779032371450,Load Users 1-73,GET /work random mode,200,28
1779032371411,Load Users 1-32,GET /work random mode,200,69
1779032371196,Load Users 1-61,POST /batch mixed tasks,200,286
1779032371388,Load Users 1-91,GET /work random mode,200,96
1779032371340,Load Users 1-63,POST /batch mixed tasks,200,147
1779032371485,Load Users 1-97,GET /work random mode,200,3
1779032371217,Load Users 1-94,GET /work random mode,200,278
1779032370847,Load Users 1-33,POST /batch mixed tasks,200,653
1779032371475,Load Users 1-90,GET /work random mode,200,34
1779032370737,Load Users 1-57,GET /work random mode,200,777
1779032371409,Load Users 1-30,POST /batch mixed tasks,200,123
1779032370996,Load Users 1-38,POST /batch mixed tasks,200,539
1779032371527,Load Users 1-29,GET /work random mode,200,9
1779032371417,Load Users 1-26,GET /work random mode,200,128
1779032371107,Load Users 1-69,GET /work random mode,200,454
1779032371560,Load Users 1-15,GET /work random mode,200,4
1779032371384,Load Users 1-22,POST /batch mixed tasks,200,196
1779032371369,Load Users 1-98,POST /batch mixed tasks,200,218
1779032371042,Load Users 1-86,POST /batch mixed tasks,200,549
1779032371494,Load Users 1-40,POST /batch mixed tasks,200,104
1779032370737,Load Users 1-17,POST /batch mixed tasks,200,865
1779032370510,Load Users 1-55,GET /work random mode,200,1099
1779032371601,Load Users 1-97,GET /work random mode,200,12
1779032371441,Load Users 1-84,POST /batch mixed tasks,200,184
1779032371034,Load Users 1-25,POST /batch mixed tasks,200,591
1779032371570,Load Users 1-29,GET /work random mode,200,56
1779032371073,Load Users 1-14,POST /batch mixed tasks,200,557
1779032371325,Load Users 1-59,POST /batch mixed tasks,200,306
1779032371101,Load Users 1-95,GET /work random mode,200,534
1779032371229,Load Users 1-18,POST /batch mixed tasks,200,406
1779032371515,Load Users 1-21,GET /work random mode,200,123
1779032371180,Load Users 1-96,GET /work random mode,200,462
1779032371227,Load Users 1-12,POST /batch mixed tasks,200,416
1779032371628,Load Users 1-30,GET /work random mode,200,15
1779032371308,Load Users 1-83,POST /batch mixed tasks,200,341
1779032371507,Load Users 1-24,POST /batch mixed tasks,200,143
1779032371575,Load Users 1-73,GET /work random mode,200,78
1779032371161,Load Users 1-5,POST /batch mixed tasks,200,498
1779032371646,Load Users 1-38,GET /work random mode,200,13
1779032370951,Load Users 1-43,GET /work random mode,200,711
1779032371595,Load Users 1-45,GET /work random mode,200,68
1779032371389,Load Users 1-52,GET /work random mode,200,276
1779032371236,Load Users 1-70,POST /batch mixed tasks,200,435
1779032371451,Load Users 1-37,GET /work random mode,200,224
1779032371544,Load Users 1-20,POST /batch mixed tasks,200,141
1779032371536,Load Users 1-72,POST /batch mixed tasks,200,150
1779032371465,Load Users 1-6,GET /work random mode,200,222
1779032371191,Load Users 1-93,GET /work random mode,200,503
1779032371322,Load Users 1-79,POST /batch mixed tasks,200,374
1779032371676,Load Users 1-21,GET /work random mode,200,27
1779032371295,Load Users 1-100,GET /work random mode,200,410
1779032371519,Load Users 1-54,POST /batch mixed tasks,200,192
1779032371540,Load Users 1-50,GET /work random mode,200,171
1779032371502,Load Users 1-87,GET /work random mode,200,215
1779032370281,Load Users 1-23,POST /batch mixed tasks,200,1436
1779032371431,Load Users 1-11,POST /batch mixed tasks,200,289
1779032371426,Load Users 1-28,GET /work random mode,200,296
1779032371707,Load Users 1-15,GET /work random mode,200,16
1779032371543,Load Users 1-91,GET /work random mode,200,182
1779032371519,Load Users 1-35,GET /work random mode,200,208
1779032371049,Load Users 1-10,GET /work random mode,200,678
1779032371445,Load Users 1-82,GET /work random mode,200,284
1779032371233,Load Users 1-7,POST /batch mixed tasks,200,497
1779032371168,Load Users 1-47,POST /batch mixed tasks,200,563
1779032371604,Load Users 1-64,GET /work random mode,200,127
1779032371731,Load Users 1-29,GET /work random mode,200,6
1779032371149,Load Users 1-3,POST /batch mixed tasks,200,588
1779032371724,Load Users 1-73,GET /work random mode,200,23
1779032371508,Load Users 1-74,GET /work random mode,200,248
1779032371277,Load Users 1-66,POST /batch mixed tasks,200,485
1779032371560,Load Users 1-61,GET /work random mode,200,202
1779032371388,Load Users 1-62,POST /batch mixed tasks,200,387
1779032371754,Load Users 1-20,GET /work random mode,200,21
1779032371659,Load Users 1-25,POST /batch mixed tasks,200,120
1779032371445,Load Users 1-48,GET /work random mode,200,336
1779032371693,Load Users 1-5,GET /work random mode,200,92
1779032370826,Load Users 1-88,POST /batch mixed tasks,200,962
1779032370549,Load Users 1-77,POST /batch mixed tasks,200,1245
1779032371646,Load Users 1-57,POST /batch mixed tasks,200,148
1779032371566,Load Users 1-36,POST /batch mixed tasks,200,228
1779032371034,Load Users 1-51,POST /batch mixed tasks,200,769
1779032371776,Load Users 1-10,GET /work random mode,200,31
1779032371709,Load Users 1-40,GET /work random mode,200,102
1779032371820,Load Users 1-62,GET /work random mode,200,3
1779032371456,Load Users 1-67,POST /batch mixed tasks,200,368
1779032371654,Load Users 1-90,POST /batch mixed tasks,200,172
1779032371585,Load Users 1-58,GET /work random mode,200,242
1779032371595,Load Users 1-49,POST /batch mixed tasks,200,233
1779032371523,Load Users 1-1,POST /batch mixed tasks,200,308
1779032371382,Load Users 1-4,POST /batch mixed tasks,200,454
1779032371017,Load Users 1-41,POST /batch mixed tasks,200,821
1779032371505,Load Users 1-46,GET /work random mode,200,334
1779032371788,Load Users 1-73,POST /batch mixed tasks,200,63
1779032371542,Load Users 1-78,POST /batch mixed tasks,200,309
1779032371699,Load Users 1-69,POST /batch mixed tasks,200,153
1779032371589,Load Users 1-26,GET /work random mode,200,266
1779032371781,Load Users 1-59,GET /work random mode,200,79
1779032371326,Load Users 1-19,POST /batch mixed tasks,200,536
1779032371216,Load Users 1-68,POST /batch mixed tasks,200,649
1779032371772,Load Users 1-23,GET /work random mode,200,98
1779032371807,Load Users 1-11,GET /work random mode,200,65
1779032371456,Load Users 1-39,POST /batch mixed tasks,200,426
1779032371561,Load Users 1-75,GET /work random mode,200,327
1779032371871,Load Users 1-47,GET /work random mode,200,20
1779032371835,Load Users 1-72,GET /work random mode,200,64
1779032371695,Load Users 1-97,GET /work random mode,200,207
1779032371726,Load Users 1-14,POST /batch mixed tasks,200,191
1779032371739,Load Users 1-100,POST /batch mixed tasks,200,183
1779032371326,Load Users 1-81,POST /batch mixed tasks,200,603
1779032371733,Load Users 1-52,POST /batch mixed tasks,200,198
1779032371463,Load Users 1-56,GET /work random mode,200,475
1779032371766,Load Users 1-6,POST /batch mixed tasks,200,176
1779032371929,Load Users 1-39,GET /work random mode,200,16
1779032371104,Load Users 1-85,POST /batch mixed tasks,200,849
1779032371378,Load Users 1-27,GET /work random mode,200,577
1779032371939,Load Users 1-78,GET /work random mode,200,22
1779032371785,Load Users 1-28,POST /batch mixed tasks,200,176
1779032371465,Load Users 1-9,GET /work random mode,200,507
1779032371735,Load Users 1-38,POST /batch mixed tasks,200,242
1779032371948,Load Users 1-49,GET /work random mode,200,29
1779032371828,Load Users 1-50,GET /work random mode,200,153
1779032371717,Load Users 1-86,POST /batch mixed tasks,200,266
1779032371770,Load Users 1-70,GET /work random mode,200,216
1779032371740,Load Users 1-84,POST /batch mixed tasks,200,247
1779032370452,Load Users 1-8,POST /batch mixed tasks,200,1540
1779032371971,Load Users 1-58,GET /work random mode,200,32
1779032371447,Load Users 1-34,POST /batch mixed tasks,200,558
1779032371385,Load Users 1-99,POST /batch mixed tasks,200,620
1779032371650,Load Users 1-22,POST /batch mixed tasks,200,356
1779032371801,Load Users 1-64,POST /batch mixed tasks,200,214
1779032371840,Load Users 1-61,POST /batch mixed tasks,200,177
1779032371326,Load Users 1-16,GET /work random mode,200,693
1779032371547,Load Users 1-44,GET /work random mode,200,475
1779032371546,Load Users 1-33,POST /batch mixed tasks,200,477
1779032371704,Load Users 1-24,POST /batch mixed tasks,200,322
1779032372023,Load Users 1-97,GET /work random mode,200,5
1779032371512,Load Users 1-32,POST /batch mixed tasks,200,517
1779032372011,Load Users 1-11,GET /work random mode,200,24
1779032371938,Load Users 1-47,POST /batch mixed tasks,200,103
1779032371875,Load Users 1-40,POST /batch mixed tasks,200,168
1779032371698,Load Users 1-12,GET /work random mode,200,346
1779032371803,Load Users 1-29,POST /batch mixed tasks,200,244
1779032371632,Load Users 1-63,POST /batch mixed tasks,200,421
1779032371474,Load Users 1-65,GET /work random mode,200,580
1779032371723,Load Users 1-17,POST /batch mixed tasks,200,332
1779032371826,Load Users 1-20,GET /work random mode,200,229
1779032371706,Load Users 1-95,POST /batch mixed tasks,200,359
1779032371977,Load Users 1-68,GET /work random mode,200,91
1779032371726,Load Users 1-45,POST /batch mixed tasks,200,342
1779032371734,Load Users 1-93,POST /batch mixed tasks,200,340
1779032371987,Load Users 1-14,GET /work random mode,200,87
1779032371794,Load Users 1-43,POST /batch mixed tasks,200,283
1779032371860,Load Users 1-35,GET /work random mode,200,222
1779032372028,Load Users 1-8,POST /batch mixed tasks,200,55
1779032372034,Load Users 1-49,GET /work random mode,200,55
1779032371544,Load Users 1-71,POST /batch mixed tasks,200,550
1779032372047,Load Users 1-100,GET /work random mode,200,56
1779032372080,Load Users 1-50,GET /work random mode,200,28
1779032371840,Load Users 1-87,POST /batch mixed tasks,200,268
1779032371037,Load Users 1-13,GET /work random mode,200,1072
1779032371983,Load Users 1-4,POST /batch mixed tasks,200,126
1779032371862,Load Users 1-90,POST /batch mixed tasks,200,259
1779032371787,Load Users 1-83,POST /batch mixed tasks,200,335
1779032371364,Load Users 1-2,POST /batch mixed tasks,200,759
1779032371840,Load Users 1-15,POST /batch mixed tasks,200,287
1779032371980,Load Users 1-23,GET /work random mode,200,148
1779032371914,Load Users 1-69,POST /batch mixed tasks,200,215
1779032372122,Load Users 1-97,GET /work random mode,200,13
1779032371675,Load Users 1-30,POST /batch mixed tasks,200,462
1779032371720,Load Users 1-18,POST /batch mixed tasks,200,417
1779032371906,Load Users 1-51,POST /batch mixed tasks,200,234
1779032372131,Load Users 1-70,GET /work random mode,200,10
1779032372135,Load Users 1-63,GET /work random mode,200,8
1779032371943,Load Users 1-46,GET /work random mode,200,201
1779032372149,Load Users 1-95,GET /work random mode,200,14
1779032371980,Load Users 1-41,GET /work random mode,200,188
1779032372161,Load Users 1-65,GET /work random mode,200,8
1779032372072,Load Users 1-81,GET /work random mode,200,99
1779032372133,Load Users 1-29,POST /batch mixed tasks,200,44
1779032371838,Load Users 1-10,GET /work random mode,200,341
1779032371608,Load Users 1-94,POST /batch mixed tasks,200,574
1779032371890,Load Users 1-62,GET /work random mode,200,308
1779032372056,Load Users 1-16,GET /work random mode,200,143
1779032371265,Load Users 1-31,POST /batch mixed tasks,200,938
1779032372150,Load Users 1-33,GET /work random mode,200,60
1779032372206,Load Users 1-30,GET /work random mode,200,13
1779032371757,Load Users 1-79,POST /batch mixed tasks,200,480
1779032372157,Load Users 1-20,GET /work random mode,200,82
1779032372095,Load Users 1-39,POST /batch mixed tasks,200,152
1779032372050,Load Users 1-85,POST /batch mixed tasks,200,199
1779032371410,Load Users 1-53,POST /batch mixed tasks,200,847
1779032371612,Load Users 1-76,GET /work random mode,200,646
1779032371995,Load Users 1-59,POST /batch mixed tasks,200,266
1779032370884,Load Users 1-60,POST /batch mixed tasks,200,1377
1779032371169,Load Users 1-42,GET /work random mode,200,1093
1779032371822,Load Users 1-37,POST /batch mixed tasks,200,452
1779032372152,Load Users 1-68,POST /batch mixed tasks,200,122
1779032372070,Load Users 1-58,POST /batch mixed tasks,200,221
1779032371815,Load Users 1-66,GET /work random mode,200,488
1779032372294,Load Users 1-65,GET /work random mode,200,10
1779032371697,Load Users 1-55,POST /batch mixed tasks,200,610
1779032371939,Load Users 1-57,POST /batch mixed tasks,200,372
1779032372300,Load Users 1-10,GET /work random mode,200,11
1779032372069,Load Users 1-27,GET /work random mode,200,243
1779032372189,Load Users 1-97,GET /work random mode,200,126
1779032372143,Load Users 1-32,POST /batch mixed tasks,200,176
1779032372172,Load Users 1-12,POST /batch mixed tasks,200,150
1779032372105,Load Users 1-28,POST /batch mixed tasks,200,224
1779032371903,Load Users 1-74,POST /batch mixed tasks,200,437
1779032372274,Load Users 1-95,POST /batch mixed tasks,200,73
1779032372052,Load Users 1-64,GET /work random mode,200,299
1779032371754,Load Users 1-96,POST /batch mixed tasks,200,598
1779032372202,Load Users 1-43,POST /batch mixed tasks,200,151
1779032372336,Load Users 1-62,GET /work random mode,200,20
1779032371883,Load Users 1-77,GET /work random mode,200,474
1779032371850,Load Users 1-54,GET /work random mode,200,507
1779032372069,Load Users 1-56,GET /work random mode,200,299
1779032372106,Load Users 1-78,POST /batch mixed tasks,200,262
1779032372133,Load Users 1-84,POST /batch mixed tasks,200,237
1779032372058,Load Users 1-61,GET /work random mode,200,316
1779032371718,Load Users 1-98,POST /batch mixed tasks,200,660
1779032370919,Load Users 1-80,POST /batch mixed tasks,200,1461
1779032372123,Load Users 1-35,POST /batch mixed tasks,200,265
1779032372279,Load Users 1-63,GET /work random mode,200,110
1779032372108,Load Users 1-22,GET /work random mode,200,284
1779032371903,Load Users 1-67,POST /batch mixed tasks,200,493
1779032371886,Load Users 1-36,POST /batch mixed tasks,200,511
1779032372381,Load Users 1-79,GET /work random mode,200,23
1779032372162,Load Users 1-40,GET /work random mode,200,245
1779032371837,Load Users 1-82,POST /batch mixed tasks,200,571
1779032372063,Load Users 1-52,POST /batch mixed tasks,200,346
1779032372206,Load Users 1-46,GET /work random mode,200,204
1779032371757,Load Users 1-91,POST /batch mixed tasks,200,668
1779032372122,Load Users 1-47,GET /work random mode,200,306
1779032372040,Load Users 1-6,POST /batch mixed tasks,200,392
1779032372403,Load Users 1-54,GET /work random mode,200,33
1779032372184,Load Users 1-87,POST /batch mixed tasks,200,263
1779032372349,Load Users 1-33,POST /batch mixed tasks,200,103
1779032372042,Load Users 1-86,POST /batch mixed tasks,200,416
1779032372254,Load Users 1-94,POST /batch mixed tasks,200,213
1779032372197,Load Users 1-51,GET /work random mode,200,276
1779032372327,Load Users 1-85,GET /work random mode,200,148
1779032372245,Load Users 1-69,GET /work random mode,200,235
1779032372473,Load Users 1-67,GET /work random mode,200,13
1779032372152,Load Users 1-49,POST /batch mixed tasks,200,337
1779032372167,Load Users 1-93,POST /batch mixed tasks,200,325
1779032372491,Load Users 1-80,GET /work random mode,200,2
1779032372428,Load Users 1-66,GET /work random mode,200,66
1779032372116,Load Users 1-44,GET /work random mode,200,379
1779032371850,Load Users 1-48,POST /batch mixed tasks,200,649
1779032372202,Load Users 1-90,POST /batch mixed tasks,200,303
1779032372175,Load Users 1-17,POST /batch mixed tasks,200,333
1779032372346,Load Users 1-65,POST /batch mixed tasks,200,168
1779032372500,Load Users 1-87,GET /work random mode,200,18
1779032372133,Load Users 1-11,POST /batch mixed tasks,200,393
1779032372085,Load Users 1-24,POST /batch mixed tasks,200,445
1779032372024,Load Users 1-72,POST /batch mixed tasks,200,513
1779032372153,Load Users 1-83,GET /work random mode,200,387
1779032372158,Load Users 1-13,GET /work random mode,200,382
1779032372473,Load Users 1-35,GET /work random mode,200,75
1779032371835,Load Users 1-21,POST /batch mixed tasks,200,713
1779032371905,Load Users 1-73,GET /work random mode,200,647
1779032371951,Load Users 1-26,POST /batch mixed tasks,200,606
1779032371923,Load Users 1-88,GET /work random mode,200,637
1779032372414,Load Users 1-32,GET /work random mode,200,148
1779032372573,Load Users 1-94,GET /work random mode,200,4
1779032371829,Load Users 1-25,GET /work random mode,200,749
1779032372210,Load Users 1-41,POST /batch mixed tasks,200,373
1779032372433,Load Users 1-27,GET /work random mode,200,150
1779032372529,Load Users 1-48,GET /work random mode,200,61
1779032371864,Load Users 1-7,GET /work random mode,200,731
1779032371832,Load Users 1-3,POST /batch mixed tasks,200,766
1779032372487,Load Users 1-43,POST /batch mixed tasks,200,111
1779032372531,Load Users 1-86,GET /work random mode,200,68
1779032372458,Load Users 1-96,POST /batch mixed tasks,200,143
1779032372178,Load Users 1-18,POST /batch mixed tasks,200,426
1779032372466,Load Users 1-54,POST /batch mixed tasks,200,143
1779032372144,Load Users 1-4,GET /work random mode,200,466
1779032372470,Load Users 1-74,GET /work random mode,200,143
1779032372417,Load Users 1-58,POST /batch mixed tasks,200,206
1779032372356,Load Users 1-10,POST /batch mixed tasks,200,268
1779032371948,Load Users 1-75,POST /batch mixed tasks,200,679
1779032372514,Load Users 1-82,GET /work random mode,200,114
1779032372442,Load Users 1-64,GET /work random mode,200,191
1779032372430,Load Users 1-62,GET /work random mode,200,206
1779032372311,Load Users 1-81,POST /batch mixed tasks,200,334
1779032372313,Load Users 1-16,POST /batch mixed tasks,200,346
1779032372499,Load Users 1-22,GET /work random mode,200,164
1779032372537,Load Users 1-6,POST /batch mixed tasks,200,130
1779032372491,Load Users 1-52,GET /work random mode,200,179
1779032372212,Load Users 1-45,POST /batch mixed tasks,200,467
1779032372208,Load Users 1-29,POST /batch mixed tasks,200,476
1779032372369,Load Users 1-76,GET /work random mode,200,320
1779032372643,Load Users 1-72,GET /work random mode,200,48
1779032372460,Load Users 1-63,GET /work random mode,200,234
1779032372361,Load Users 1-28,POST /batch mixed tasks,200,335
1779032372704,Load Users 1-88,GET /work random mode,200,3
1779032372264,Load Users 1-23,POST /batch mixed tasks,200,444
1779032372134,Load Users 1-34,GET /work random mode,200,577
1779032372510,Load Users 1-61,POST /batch mixed tasks,200,204
1779032371323,Load Users 1-89,POST /batch mixed tasks,200,1391
1779032372173,Load Users 1-71,GET /work random mode,200,542
1779032372698,Load Users 1-16,GET /work random mode,200,24
1779032371981,Load Users 1-19,GET /work random mode,200,749
1779032372502,Load Users 1-56,POST /batch mixed tasks,200,232
1779032370616,Load Users 1-92,POST /batch mixed tasks,200,2118
1779032372444,Load Users 1-36,POST /batch mixed tasks,200,291
1779032372343,Load Users 1-20,GET /work random mode,200,397
1779032372147,Load Users 1-99,POST /batch mixed tasks,200,598
1779032372645,Load Users 1-86,GET /work random mode,200,100
1779032372510,Load Users 1-69,GET /work random mode,200,237
1779032372237,Load Users 1-70,POST /batch mixed tasks,200,513
1779032372208,Load Users 1-100,GET /work random mode,200,543
1779032372523,Load Users 1-47,POST /batch mixed tasks,200,240
1779032372587,Load Users 1-51,POST /batch mixed tasks,200,188
1779032372488,Load Users 1-95,POST /batch mixed tasks,200,290
1779032372654,Load Users 1-17,GET /work random mode,200,125
1779032372634,Load Users 1-73,POST /batch mixed tasks,200,151
1779032372423,Load Users 1-78,POST /batch mixed tasks,200,365
1779032372791,Load Users 1-89,GET /work random mode,200,4
1779032372779,Load Users 1-71,GET /work random mode,200,18
1779032372600,Load Users 1-26,GET /work random mode,200,197
1779032372676,Load Users 1-35,GET /work random mode,200,131
1779032372304,Load Users 1-30,POST /batch mixed tasks,200,503
1779032371829,Load Users 1-5,GET /work random mode,200,986
1779032372551,Load Users 1-65,POST /batch mixed tasks,200,265
1779032372312,Load Users 1-42,POST /batch mixed tasks,200,510
1779032372466,Load Users 1-91,POST /batch mixed tasks,200,362
1779032372810,Load Users 1-16,GET /work random mode,200,22
1779032372437,Load Users 1-84,GET /work random mode,200,396
1779032372747,Load Users 1-88,GET /work random mode,200,88
1779032372661,Load Users 1-82,POST /batch mixed tasks,200,177
1779032372819,Load Users 1-73,GET /work random mode,200,20
1779032372829,Load Users 1-51,GET /work random mode,200,16
1779032372655,Load Users 1-41,GET /work random mode,200,200
1779032372615,Load Users 1-25,GET /work random mode,200,250
1779032372584,Load Users 1-80,POST /batch mixed tasks,200,283
1779032372562,Load Users 1-44,GET /work random mode,200,313
1779032372865,Load Users 1-78,GET /work random mode,200,14
1779032372638,Load Users 1-66,POST /batch mixed tasks,200,245
1779032372362,Load Users 1-59,POST /batch mixed tasks,200,533
1779032372691,Load Users 1-48,GET /work random mode,200,207
1779032372886,Load Users 1-95,GET /work random mode,200,12
1779032372505,Load Users 1-98,GET /work random mode,200,396
1779032372899,Load Users 1-30,GET /work random mode,200,2
1779032372715,Load Users 1-18,POST /batch mixed tasks,200,187
1779032372684,Load Users 1-94,POST /batch mixed tasks,200,227
1779032372844,Load Users 1-69,GET /work random mode,200,77
1779032372766,Load Users 1-63,POST /batch mixed tasks,200,158
1779032372878,Load Users 1-36,GET /work random mode,200,53
1779032372877,Load Users 1-91,GET /work random mode,200,62
1779032372333,Load Users 1-53,GET /work random mode,200,609
1779032372571,Load Users 1-85,POST /batch mixed tasks,200,382
1779032372953,Load Users 1-59,GET /work random mode,200,5
1779032372072,Load Users 1-38,POST /batch mixed tasks,200,888
1779032372571,Load Users 1-49,GET /work random mode,200,390
1779032372302,Load Users 1-39,POST /batch mixed tasks,200,676
1779032372733,Load Users 1-45,POST /batch mixed tasks,200,250
1779032372670,Load Users 1-54,POST /batch mixed tasks,200,320
1779032372962,Load Users 1-88,GET /work random mode,200,28
1779032372550,Load Users 1-67,POST /batch mixed tasks,200,445
1779032372217,Load Users 1-14,POST /batch mixed tasks,200,781
1779032372933,Load Users 1-65,GET /work random mode,200,65
1779032372756,Load Users 1-22,POST /batch mixed tasks,200,247
1779032372646,Load Users 1-43,POST /batch mixed tasks,200,366
1779032372577,Load Users 1-13,GET /work random mode,200,448
1779032372327,Load Users 1-37,POST /batch mixed tasks,200,716
1779032372703,Load Users 1-96,POST /batch mixed tasks,200,341
1779032372635,Load Users 1-27,GET /work random mode,200,410
1779032372952,Load Users 1-69,GET /work random mode,200,96
1779032372095,Load Users 1-9,POST /batch mixed tasks,200,953
1779032373020,Load Users 1-54,GET /work random mode,200,28
1779032372206,Load Users 1-2,POST /batch mixed tasks,200,843
1779032372833,Load Users 1-99,POST /batch mixed tasks,200,220
1779032372867,Load Users 1-5,GET /work random mode,200,188
1779032372562,Load Users 1-33,POST /batch mixed tasks,200,501
1779032372697,Load Users 1-7,POST /batch mixed tasks,200,367
1779032373047,Load Users 1-67,GET /work random mode,200,18
1779032372235,Load Users 1-50,POST /batch mixed tasks,200,834
1779032372997,Load Users 1-80,GET /work random mode,200,74
1779032372861,Load Users 1-92,POST /batch mixed tasks,200,216
1779032372781,Load Users 1-52,GET /work random mode,200,298
1779032372740,Load Users 1-81,POST /batch mixed tasks,200,355
1779032372971,Load Users 1-91,GET /work random mode,200,133
1779032372853,Load Users 1-19,POST /batch mixed tasks,200,253
1779032372411,Load Users 1-55,GET /work random mode,200,700
1779032372399,Load Users 1-68,POST /batch mixed tasks,200,715
1779032372747,Load Users 1-62,POST /batch mixed tasks,200,371
1779032373072,Load Users 1-63,POST /batch mixed tasks,200,47
1779032372949,Load Users 1-82,POST /batch mixed tasks,200,176
1779032372733,Load Users 1-75,GET /work random mode,200,397
1779032372864,Load Users 1-17,POST /batch mixed tasks,200,268
1779032373109,Load Users 1-49,GET /work random mode,200,24
1779032372808,Load Users 1-47,GET /work random mode,200,331
1779032372667,Load Users 1-10,GET /work random mode,200,476
1779032372675,Load Users 1-11,POST /batch mixed tasks,200,470
1779032372713,Load Users 1-58,POST /batch mixed tasks,200,436
1779032372653,Load Users 1-32,GET /work random mode,200,497
1779032372703,Load Users 1-6,POST /batch mixed tasks,200,449
1779032372628,Load Users 1-90,POST /batch mixed tasks,200,525
1779032372982,Load Users 1-66,GET /work random mode,200,176
1779032373081,Load Users 1-45,GET /work random mode,200,83
1779032372527,Load Users 1-79,POST /batch mixed tasks,200,643
1779032372698,Load Users 1-64,POST /batch mixed tasks,200,473
1779032372770,Load Users 1-72,POST /batch mixed tasks,200,402
1779032373030,Load Users 1-88,GET /work random mode,200,143
1779032373131,Load Users 1-67,GET /work random mode,200,43
1779032373157,Load Users 1-91,GET /work random mode,200,26
1779032373128,Load Users 1-52,GET /work random mode,200,69
1779032372971,Load Users 1-51,POST /batch mixed tasks,200,248
1779032372856,Load Users 1-100,POST /batch mixed tasks,200,364
1779032373202,Load Users 1-62,GET /work random mode,200,23
1779032373181,Load Users 1-68,GET /work random mode,200,45
1779032372205,Load Users 1-8,POST /batch mixed tasks,200,1027
1779032373215,Load Users 1-6,GET /work random mode,200,22
1779032373203,Load Users 1-32,GET /work random mode,200,36
1779032373101,Load Users 1-65,GET /work random mode,200,138
1779032372984,Load Users 1-95,GET /work random mode,200,260
1779032373189,Load Users 1-47,GET /work random mode,200,59
1779032372861,Load Users 1-89,GET /work random mode,200,387
1779032372813,Load Users 1-61,GET /work random mode,200,440
1779032372955,Load Users 1-16,POST /batch mixed tasks,200,308
1779032372850,Load Users 1-86,GET /work random mode,200,416
1779032373260,Load Users 1-79,GET /work random mode,200,11
1779032372696,Load Users 1-3,POST /batch mixed tasks,200,579
1779032373101,Load Users 1-69,GET /work random mode,200,182
1779032373139,Load Users 1-99,GET /work random mode,200,147
1779032372748,Load Users 1-76,POST /batch mixed tasks,200,549
1779032373083,Load Users 1-43,POST /batch mixed tasks,200,215
1779032373273,Load Users 1-49,GET /work random mode,200,28
1779032373109,Load Users 1-22,POST /batch mixed tasks,200,200
1779032373161,Load Users 1-63,POST /batch mixed tasks,200,149
1779032373276,Load Users 1-6,GET /work random mode,200,36
1779032372843,Load Users 1-56,POST /batch mixed tasks,200,470
1779032371977,Load Users 1-1,POST /batch mixed tasks,200,1337
1779032372927,Load Users 1-35,POST /batch mixed tasks,200,388
1779032373050,Load Users 1-98,POST /batch mixed tasks,200,272
1779032373285,Load Users 1-45,GET /work random mode,200,38
1779032372583,Load Users 1-93,POST /batch mixed tasks,200,743
1779032373308,Load Users 1-8,GET /work random mode,200,26
1779032372775,Load Users 1-28,GET /work random mode,200,568
1779032373147,Load Users 1-37,POST /batch mixed tasks,200,201
1779032373078,Load Users 1-53,GET /work random mode,200,271
1779032373277,Load Users 1-58,GET /work random mode,200,73
1779032372712,Load Users 1-74,GET /work random mode,200,640
1779032372944,Load Users 1-41,GET /work random mode,200,410
1779032372968,Load Users 1-94,POST /batch mixed tasks,200,386
1779032373330,Load Users 1-51,GET /work random mode,200,26
1779032373192,Load Users 1-75,POST /batch mixed tasks,200,170
1779032373202,Load Users 1-92,POST /batch mixed tasks,200,161
1779032372926,Load Users 1-26,POST /batch mixed tasks,200,442
1779032372217,Load Users 1-15,POST /batch mixed tasks,200,1152
1779032372504,Load Users 1-40,GET /work random mode,200,869
1779032372405,Load Users 1-60,GET /work random mode,200,978
1779032372875,Load Users 1-20,POST /batch mixed tasks,200,516
1779032372381,Load Users 1-57,POST /batch mixed tasks,200,1010
1779032372660,Load Users 1-4,POST /batch mixed tasks,200,739
1779032372733,Load Users 1-29,POST /batch mixed tasks,200,666
1779032373348,Load Users 1-3,GET /work random mode,200,60
1779032372579,Load Users 1-87,GET /work random mode,200,831
1779032373280,Load Users 1-100,GET /work random mode,200,134
1779032373154,Load Users 1-27,POST /batch mixed tasks,200,260
1779032373135,Load Users 1-96,GET /work random mode,200,280
1779032372673,Load Users 1-21,GET /work random mode,200,748
1779032373299,Load Users 1-47,GET /work random mode,200,128
1779032373161,Load Users 1-55,POST /batch mixed tasks,200,267
1779032372320,Load Users 1-31,POST /batch mixed tasks,200,1110
1779032373143,Load Users 1-14,POST /batch mixed tasks,200,287
1779032373153,Load Users 1-80,POST /batch mixed tasks,200,285
1779032372651,Load Users 1-24,POST /batch mixed tasks,200,790
1779032373344,Load Users 1-22,GET /work random mode,200,109
1779032373346,Load Users 1-32,POST /batch mixed tasks,200,109
1779032373412,Load Users 1-51,GET /work random mode,200,46
1779032372431,Load Users 1-77,GET /work random mode,200,1027
1779032373293,Load Users 1-95,GET /work random mode,200,166
1779032373245,Load Users 1-88,POST /batch mixed tasks,200,220
1779032373321,Load Users 1-79,GET /work random mode,200,145
1779032373312,Load Users 1-67,GET /work random mode,200,158
1779032373038,Load Users 1-18,POST /batch mixed tasks,200,433
1779032373082,Load Users 1-13,POST /batch mixed tasks,200,389
1779032373330,Load Users 1-86,POST /batch mixed tasks,200,142
1779032372361,Load Users 1-97,GET /work random mode,200,1112
1779032373468,Load Users 1-20,GET /work random mode,200,8
1779032373476,Load Users 1-87,GET /work random mode,200,3
1779032373010,Load Users 1-59,POST /batch mixed tasks,200,474
1779032373451,Load Users 1-3,GET /work random mode,200,35
1779032373353,Load Users 1-56,POST /batch mixed tasks,200,144
1779032373413,Load Users 1-74,GET /work random mode,200,86
1779032373196,Load Users 1-9,POST /batch mixed tasks,200,304
1779032372975,Load Users 1-44,POST /batch mixed tasks,200,525
1779032373123,Load Users 1-33,GET /work random mode,200,383
1779032372950,Load Users 1-42,POST /batch mixed tasks,200,574
1779032372877,Load Users 1-71,POST /batch mixed tasks,200,650
1779032373255,Load Users 1-91,POST /batch mixed tasks,200,275
1779032373010,Load Users 1-39,POST /batch mixed tasks,200,523
1779032373188,Load Users 1-54,POST /batch mixed tasks,200,355
1779032373217,Load Users 1-50,GET /work random mode,200,331
1779032372849,Load Users 1-23,POST /batch mixed tasks,200,718
1779032373559,Load Users 1-67,GET /work random mode,200,9
1779032373538,Load Users 1-51,GET /work random mode,200,36
1779032373364,Load Users 1-68,GET /work random mode,200,216
1779032373200,Load Users 1-81,GET /work random mode,200,385
1779032373356,Load Users 1-43,POST /batch mixed tasks,200,239
1779032373350,Load Users 1-69,POST /batch mixed tasks,200,246
1779032373576,Load Users 1-18,GET /work random mode,200,24
1779032373219,Load Users 1-72,GET /work random mode,200,384
1779032373475,Load Users 1-94,GET /work random mode,200,128
1779032373583,Load Users 1-74,GET /work random mode,200,21
1779032373320,Load Users 1-99,GET /work random mode,200,295
1779032373387,Load Users 1-98,GET /work random mode,200,230
1779032373424,Load Users 1-45,GET /work random mode,200,196
1779032373006,Load Users 1-36,POST /batch mixed tasks,200,615
1779032373450,Load Users 1-93,POST /batch mixed tasks,200,180
1779032373062,Load Users 1-85,POST /batch mixed tasks,200,568
1779032373477,Load Users 1-14,GET /work random mode,200,154
1779032373345,Load Users 1-52,POST /batch mixed tasks,200,288
1779032373476,Load Users 1-37,POST /batch mixed tasks,200,159
1779032373484,Load Users 1-4,POST /batch mixed tasks,200,152
1779032373470,Load Users 1-28,POST /batch mixed tasks,200,166
1779032372831,Load Users 1-34,GET /work random mode,200,809
1779032372962,Load Users 1-73,POST /batch mixed tasks,200,679
1779032373559,Load Users 1-59,POST /batch mixed tasks,200,90
1779032372455,Load Users 1-12,GET /work random mode,200,1197
1779032373518,Load Users 1-22,POST /batch mixed tasks,200,135
1779032373511,Load Users 1-26,POST /batch mixed tasks,200,142
1779032373391,Load Users 1-61,POST /batch mixed tasks,200,265
1779032372937,Load Users 1-30,POST /batch mixed tasks,200,723
1779032373656,Load Users 1-45,GET /work random mode,200,7
1779032373574,Load Users 1-20,GET /work random mode,200,90
1779032373374,Load Users 1-16,POST /batch mixed tasks,200,292
1779032372688,Load Users 1-83,GET /work random mode,200,979
1779032372977,Load Users 1-78,GET /work random mode,200,690
1779032373468,Load Users 1-92,GET /work random mode,200,202
1779032373603,Load Users 1-95,POST /batch mixed tasks,200,69
1779032373640,Load Users 1-33,GET /work random mode,200,36
1779032373385,Load Users 1-58,POST /batch mixed tasks,200,304
1779032373325,Load Users 1-89,POST /batch mixed tasks,200,375
1779032373462,Load Users 1-53,POST /batch mixed tasks,200,241
1779032373229,Load Users 1-19,GET /work random mode,200,475
1779032373448,Load Users 1-49,POST /batch mixed tasks,200,266
1779032373347,Load Users 1-1,POST /batch mixed tasks,200,370
1779032373505,Load Users 1-47,POST /batch mixed tasks,200,214
1779032373543,Load Users 1-31,GET /work random mode,200,176
1779032373175,Load Users 1-17,POST /batch mixed tasks,200,550
1779032373482,Load Users 1-27,GET /work random mode,200,245
1779032373264,Load Users 1-62,GET /work random mode,200,473
1779032373475,Load Users 1-8,POST /batch mixed tasks,200,263
1779032373237,Load Users 1-82,POST /batch mixed tasks,200,505
1779032372950,Load Users 1-48,POST /batch mixed tasks,200,794
1779032373305,Load Users 1-64,POST /batch mixed tasks,200,456
1779032373554,Load Users 1-55,GET /work random mode,200,207
1779032373693,Load Users 1-61,GET /work random mode,200,73
1779032373597,Load Users 1-3,GET /work random mode,200,169
1779032373491,Load Users 1-57,GET /work random mode,200,275
1779032373768,Load Users 1-22,GET /work random mode,200,2
1779032373505,Load Users 1-60,POST /batch mixed tasks,200,270
1779032373211,Load Users 1-7,POST /batch mixed tasks,200,566
1779032373714,Load Users 1-4,POST /batch mixed tasks,200,68
1779032373701,Load Users 1-52,GET /work random mode,200,82
1779032373513,Load Users 1-21,GET /work random mode,200,272
1779032373362,Load Users 1-65,POST /batch mixed tasks,200,427
1779032373275,Load Users 1-90,GET /work random mode,200,515
1779032373566,Load Users 1-44,POST /batch mixed tasks,200,224
1779032373421,Load Users 1-76,POST /batch mixed tasks,200,375
1779032373689,Load Users 1-34,POST /batch mixed tasks,200,107
1779032373728,Load Users 1-69,POST /batch mixed tasks,200,76
1779032373796,Load Users 1-12,GET /work random mode,200,14
1779032373586,Load Users 1-91,GET /work random mode,200,225
1779032373737,Load Users 1-36,GET /work random mode,200,75
1779032373555,Load Users 1-42,POST /batch mixed tasks,200,277
1779032373513,Load Users 1-100,POST /batch mixed tasks,200,321
1779032372961,Load Users 1-84,GET /work random mode,200,875
1779032373726,Load Users 1-58,POST /batch mixed tasks,200,111
1779032373695,Load Users 1-14,GET /work random mode,200,148
1779032373091,Load Users 1-38,POST /batch mixed tasks,200,752
1779032373662,Load Users 1-68,GET /work random mode,200,182
1779032373566,Load Users 1-32,POST /batch mixed tasks,200,279
1779032373712,Load Users 1-94,GET /work random mode,200,134
1779032373761,Load Users 1-19,GET /work random mode,200,86
1779032373575,Load Users 1-79,GET /work random mode,200,275
1779032373465,Load Users 1-96,GET /work random mode,200,387
1779032373533,Load Users 1-56,POST /batch mixed tasks,200,324
1779032373852,Load Users 1-1,GET /work random mode,200,10
1779032373863,Load Users 1-48,GET /work random mode,200,4
1779032373844,Load Users 1-44,GET /work random mode,200,28
1779032373365,Load Users 1-63,GET /work random mode,200,513
1779032373722,Load Users 1-28,GET /work random mode,200,162
1779032373580,Load Users 1-80,POST /batch mixed tasks,200,305
1779032373810,Load Users 1-83,GET /work random mode,200,81
1779032373800,Load Users 1-95,GET /work random mode,200,95
1779032373898,Load Users 1-52,GET /work random mode,200,2
1779032373898,Load Users 1-36,GET /work random mode,200,4
1779032373454,Load Users 1-35,GET /work random mode,200,454
1779032373892,Load Users 1-76,GET /work random mode,200,16
1779032373885,Load Users 1-82,GET /work random mode,200,25
1779032373842,Load Users 1-17,GET /work random mode,200,68
1779032373285,Load Users 1-11,POST /batch mixed tasks,200,627
1779032372972,Load Users 1-25,GET /work random mode,200,941
1779032373561,Load Users 1-24,POST /batch mixed tasks,200,357
1779032373709,Load Users 1-78,GET /work random mode,200,211
1779032373600,Load Users 1-77,POST /batch mixed tasks,200,331
1779032373632,Load Users 1-9,POST /batch mixed tasks,200,303
1779032373719,Load Users 1-59,POST /batch mixed tasks,200,223
1779032373196,Load Users 1-10,GET /work random mode,200,747
1779032373850,Load Users 1-53,POST /batch mixed tasks,200,97
1779032373864,Load Users 1-91,GET /work random mode,200,84
1779032373882,Load Users 1-34,GET /work random mode,200,68
1779032373819,Load Users 1-55,GET /work random mode,200,132
1779032373851,Load Users 1-22,GET /work random mode,200,114
1779032373284,Load Users 1-66,GET /work random mode,200,683
1779032373957,Load Users 1-35,GET /work random mode,200,15
1779032373677,Load Users 1-37,GET /work random mode,200,305
1779032372899,Load Users 1-70,POST /batch mixed tasks,200,1095
1779032373966,Load Users 1-84,GET /work random mode,200,43
1779032373423,Load Users 1-40,POST /batch mixed tasks,200,588
1779032373907,Load Users 1-69,GET /work random mode,200,107
1779032373761,Load Users 1-93,GET /work random mode,200,260
1779032373862,Load Users 1-65,POST /batch mixed tasks,200,164
1779032373087,Load Users 1-2,POST /batch mixed tasks,200,939
1779032373906,Load Users 1-79,POST /batch mixed tasks,200,128
1779032373526,Load Users 1-97,POST /batch mixed tasks,200,512
1779032373787,Load Users 1-26,POST /batch mixed tasks,200,258
1779032373701,Load Users 1-99,POST /batch mixed tasks,200,345
1779032373876,Load Users 1-21,POST /batch mixed tasks,200,171
1779032373399,Load Users 1-6,GET /work random mode,200,661
1779032373927,Load Users 1-42,GET /work random mode,200,138
1779032373490,Load Users 1-75,POST /batch mixed tasks,200,584
1779032373540,Load Users 1-88,GET /work random mode,200,540
1779032373959,Load Users 1-44,POST /batch mixed tasks,200,122
1779032373713,Load Users 1-98,POST /batch mixed tasks,200,370
1779032373816,Load Users 1-92,POST /batch mixed tasks,200,267
1779032373936,Load Users 1-19,POST /batch mixed tasks,200,148
1779032373540,Load Users 1-29,POST /batch mixed tasks,200,547
1779032373676,Load Users 1-73,POST /batch mixed tasks,200,415
1779032374023,Load Users 1-28,GET /work random mode,200,69
1779032373767,Load Users 1-45,POST /batch mixed tasks,200,325
1779032373941,Load Users 1-32,POST /batch mixed tasks,200,163
1779032373796,Load Users 1-16,GET /work random mode,200,309
1779032373518,Load Users 1-15,GET /work random mode,200,590
1779032373682,Load Users 1-50,POST /batch mixed tasks,200,429
1779032373868,Load Users 1-8,GET /work random mode,200,243
1779032373686,Load Users 1-74,GET /work random mode,200,425
1779032373899,Load Users 1-96,GET /work random mode,200,213
1779032373615,Load Users 1-13,GET /work random mode,200,507
1779032374099,Load Users 1-55,GET /work random mode,200,24
1779032373818,Load Users 1-27,GET /work random mode,200,306
1779032374031,Load Users 1-53,POST /batch mixed tasks,200,94
1779032373926,Load Users 1-83,GET /work random mode,200,202
1779032373794,Load Users 1-33,POST /batch mixed tasks,200,335
1779032373957,Load Users 1-52,GET /work random mode,200,178
1779032374116,Load Users 1-84,GET /work random mode,200,25
1779032373897,Load Users 1-58,GET /work random mode,200,252
1779032373891,Load Users 1-64,GET /work random mode,200,260
1779032373936,Load Users 1-94,POST /batch mixed tasks,200,215
1779032373782,Load Users 1-47,POST /batch mixed tasks,200,393
1779032373947,Load Users 1-17,POST /batch mixed tasks,200,229
1779032373719,Load Users 1-43,POST /batch mixed tasks,200,468
1779032374144,Load Users 1-8,GET /work random mode,200,47
1779032373618,Load Users 1-23,POST /batch mixed tasks,200,575
1779032373761,Load Users 1-89,POST /batch mixed tasks,200,436
1779032374171,Load Users 1-52,GET /work random mode,200,28
1779032373828,Load Users 1-31,POST /batch mixed tasks,200,374
1779032373891,Load Users 1-60,POST /batch mixed tasks,200,319
1779032373832,Load Users 1-61,POST /batch mixed tasks,200,384
1779032373881,Load Users 1-12,POST /batch mixed tasks,200,338
1779032373761,Load Users 1-72,POST /batch mixed tasks,200,473
1779032374233,Load Users 1-84,GET /work random mode,200,3
1779032373665,Load Users 1-39,POST /batch mixed tasks,200,572
1779032373624,Load Users 1-81,POST /batch mixed tasks,200,616
1779032373702,Load Users 1-51,GET /work random mode,200,539
1779032374041,Load Users 1-25,POST /batch mixed tasks,200,203
1779032373916,Load Users 1-48,POST /batch mixed tasks,200,329
1779032373615,Load Users 1-86,POST /batch mixed tasks,200,630
1779032373871,Load Users 1-7,POST /batch mixed tasks,200,375
1779032374145,Load Users 1-15,POST /batch mixed tasks,200,114
1779032373943,Load Users 1-80,POST /batch mixed tasks,200,319
1779032373976,Load Users 1-68,POST /batch mixed tasks,200,287
1779032373997,Load Users 1-34,POST /batch mixed tasks,200,269
1779032373631,Load Users 1-18,POST /batch mixed tasks,200,643
1779032374049,Load Users 1-11,POST /batch mixed tasks,200,225
1779032374162,Load Users 1-28,POST /batch mixed tasks,200,113
1779032374065,Load Users 1-40,POST /batch mixed tasks,200,212
1779032374094,Load Users 1-35,POST /batch mixed tasks,200,186
1779032374251,Load Users 1-74,GET /work random mode,200,29
1779032374221,Load Users 1-94,GET /work random mode,200,61
1779032374284,Load Users 1-8,GET /work random mode,200,3
1779032374276,Load Users 1-33,GET /work random mode,200,12
1779032373183,Load Users 1-5,POST /batch mixed tasks,200,1106
1779032374187,Load Users 1-42,GET /work random mode,200,104
1779032373890,Load Users 1-3,POST /batch mixed tasks,200,401
1779032374077,Load Users 1-10,POST /batch mixed tasks,200,223
1779032373897,Load Users 1-14,POST /batch mixed tasks,200,404
1779032374024,Load Users 1-70,POST /batch mixed tasks,200,282
1779032373655,Load Users 1-71,GET /work random mode,200,661
1779032374011,Load Users 1-82,POST /batch mixed tasks,200,306
1779032373716,Load Users 1-85,POST /batch mixed tasks,200,610
1779032374116,Load Users 1-2,POST /batch mixed tasks,200,221
1779032374304,Load Users 1-52,GET /work random mode,200,36
1779032372540,Load Users 1-46,POST /batch mixed tasks,200,1804
1779032374244,Load Users 1-32,GET /work random mode,200,100
1779032374083,Load Users 1-9,GET /work random mode,200,262
1779032374176,Load Users 1-92,GET /work random mode,200,171
1779032373857,Load Users 1-90,POST /batch mixed tasks,200,493
1779032374173,Load Users 1-19,GET /work random mode,200,182
1779032373540,Load Users 1-87,GET /work random mode,200,817
1779032374344,Load Users 1-86,GET /work random mode,200,18
1779032374117,Load Users 1-37,POST /batch mixed tasks,200,246
1779032374099,Load Users 1-26,GET /work random mode,200,268
1779032374309,Load Users 1-47,GET /work random mode,200,63
1779032374220,Load Users 1-75,POST /batch mixed tasks,200,167
1779032374115,Load Users 1-6,GET /work random mode,200,273
1779032374249,Load Users 1-64,POST /batch mixed tasks,200,154
1779032373977,Load Users 1-76,POST /batch mixed tasks,200,428
1779032374373,Load Users 1-42,GET /work random mode,200,33
1779032374196,Load Users 1-21,POST /batch mixed tasks,200,218
1779032374378,Load Users 1-2,GET /work random mode,200,39
1779032374407,Load Users 1-26,GET /work random mode,200,12
1779032374396,Load Users 1-90,GET /work random mode,200,31
1779032374142,Load Users 1-69,POST /batch mixed tasks,200,285
1779032373929,Load Users 1-1,POST /batch mixed tasks,200,499
1779032374235,Load Users 1-16,POST /batch mixed tasks,200,197
1779032374351,Load Users 1-15,GET /work random mode,200,93
1779032374362,Load Users 1-48,GET /work random mode,200,82
1779032374215,Load Users 1-73,GET /work random mode,200,233
1779032373858,Load Users 1-4,POST /batch mixed tasks,200,591
1779032374263,Load Users 1-12,GET /work random mode,200,187
1779032374110,Load Users 1-22,GET /work random mode,200,345
1779032374364,Load Users 1-28,GET /work random mode,200,118
1779032374438,Load Users 1-82,GET /work random mode,200,47
1779032374038,Load Users 1-91,POST /batch mixed tasks,200,450
1779032373668,Load Users 1-54,POST /batch mixed tasks,200,833
1779032374380,Load Users 1-34,POST /batch mixed tasks,200,123
1779032374497,Load Users 1-19,GET /work random mode,200,6
1779032374225,Load Users 1-96,POST /batch mixed tasks,200,278
1779032374231,Load Users 1-13,POST /batch mixed tasks,200,275
1779032374026,Load Users 1-24,POST /batch mixed tasks,200,487
1779032373785,Load Users 1-62,POST /batch mixed tasks,200,732
1779032374339,Load Users 1-31,GET /work random mode,200,181
1779032373829,Load Users 1-57,GET /work random mode,200,701
1779032373837,Load Users 1-49,POST /batch mixed tasks,200,700
1779032374449,Load Users 1-46,GET /work random mode,200,89
1779032374496,Load Users 1-16,GET /work random mode,200,46
1779032374552,Load Users 1-21,GET /work random mode,200,3
1779032374486,Load Users 1-92,GET /work random mode,200,69
1779032374358,Load Users 1-25,GET /work random mode,200,201
1779032374210,Load Users 1-98,POST /batch mixed tasks,200,360
1779032373696,Load Users 1-30,GET /work random mode,200,885
1779032373911,Load Users 1-63,POST /batch mixed tasks,200,670
1779032374555,Load Users 1-19,GET /work random mode,200,28
1779032374388,Load Users 1-71,GET /work random mode,200,196
1779032374403,Load Users 1-74,GET /work random mode,200,189
1779032374495,Load Users 1-42,GET /work random mode,200,103
1779032374387,Load Users 1-8,GET /work random mode,200,216
1779032374228,Load Users 1-89,POST /batch mixed tasks,200,382
1779032374026,Load Users 1-59,POST /batch mixed tasks,200,587
1779032374516,Load Users 1-15,GET /work random mode,200,108
1779032374207,Load Users 1-50,POST /batch mixed tasks,200,420
1779032374391,Load Users 1-87,POST /batch mixed tasks,200,238
1779032374344,Load Users 1-80,POST /batch mixed tasks,200,287
1779032374330,Load Users 1-35,GET /work random mode,200,304
1779032374480,Load Users 1-75,GET /work random mode,200,158
1779032374403,Load Users 1-33,GET /work random mode,200,236
1779032374480,Load Users 1-64,POST /batch mixed tasks,200,161
1779032374303,Load Users 1-81,POST /batch mixed tasks,200,340
1779032374622,Load Users 1-28,GET /work random mode,200,30
1779032374088,Load Users 1-79,POST /batch mixed tasks,200,567
1779032374090,Load Users 1-93,POST /batch mixed tasks,200,566
1779032374156,Load Users 1-99,GET /work random mode,200,508
1779032374319,Load Users 1-60,POST /batch mixed tasks,200,346
1779032374271,Load Users 1-58,GET /work random mode,200,403
1779032374326,Load Users 1-5,POST /batch mixed tasks,200,358
1779032373496,Load Users 1-41,POST /batch mixed tasks,200,1197
1779032374446,Load Users 1-52,POST /batch mixed tasks,200,249
1779032374368,Load Users 1-85,POST /batch mixed tasks,200,327
1779032373913,Load Users 1-56,POST /batch mixed tasks,200,788
1779032374406,Load Users 1-70,GET /work random mode,200,306
1779032374623,Load Users 1-24,POST /batch mixed tasks,200,91
1779032374226,Load Users 1-29,POST /batch mixed tasks,200,490
1779032374654,Load Users 1-59,GET /work random mode,200,67
1779032374270,Load Users 1-83,POST /batch mixed tasks,200,453
1779032374229,Load Users 1-45,POST /batch mixed tasks,200,497
1779032374437,Load Users 1-10,GET /work random mode,200,290
1779032374431,Load Users 1-94,POST /batch mixed tasks,200,299
1779032373955,Load Users 1-36,POST /batch mixed tasks,200,776
1779032373941,Load Users 1-38,POST /batch mixed tasks,200,790
1779032374395,Load Users 1-3,POST /batch mixed tasks,200,340
1779032374549,Load Users 1-12,POST /batch mixed tasks,200,187
1779032374031,Load Users 1-77,POST /batch mixed tasks,200,709
1779032374381,Load Users 1-14,POST /batch mixed tasks,200,361
1779032373926,Load Users 1-100,GET /work random mode,200,819
1779032374605,Load Users 1-62,POST /batch mixed tasks,200,145
1779032374574,Load Users 1-57,GET /work random mode,200,180
1779032374201,Load Users 1-55,POST /batch mixed tasks,200,554
1779032374495,Load Users 1-4,POST /batch mixed tasks,200,267
1779032374153,Load Users 1-88,POST /batch mixed tasks,200,612
1779032374741,Load Users 1-56,GET /work random mode,200,24
1779032374646,Load Users 1-13,GET /work random mode,200,122
1779032374107,Load Users 1-66,GET /work random mode,200,665
1779032374414,Load Users 1-47,GET /work random mode,200,360
1779032374164,Load Users 1-44,POST /batch mixed tasks,200,612
1779032374374,Load Users 1-68,POST /batch mixed tasks,200,402
1779032374584,Load Users 1-91,POST /batch mixed tasks,200,193
1779032374748,Load Users 1-85,GET /work random mode,200,35
1779032374378,Load Users 1-39,POST /batch mixed tasks,200,411
1779032374787,Load Users 1-75,GET /work random mode,200,3
1779032374242,Load Users 1-27,GET /work random mode,200,549
1779032374574,Load Users 1-96,POST /batch mixed tasks,200,220
1779032374619,Load Users 1-30,POST /batch mixed tasks,200,177
1779032374732,Load Users 1-64,GET /work random mode,200,66
1779032374633,Load Users 1-25,POST /batch mixed tasks,200,167
1779032374316,Load Users 1-18,POST /batch mixed tasks,200,487
1779032374495,Load Users 1-69,POST /batch mixed tasks,200,310
1779032374768,Load Users 1-83,GET /work random mode,200,46
1779032374564,Load Users 1-22,GET /work random mode,200,252
1779032374708,Load Users 1-89,GET /work random mode,200,123
1779032374741,Load Users 1-35,GET /work random mode,200,93
1779032374324,Load Users 1-11,POST /batch mixed tasks,200,517
1779032373978,Load Users 1-95,POST /batch mixed tasks,200,865
1779032374552,Load Users 1-73,POST /batch mixed tasks,200,292
1779032374608,Load Users 1-34,POST /batch mixed tasks,200,239
1779032374479,Load Users 1-32,POST /batch mixed tasks,200,375
1779032374622,Load Users 1-16,GET /work random mode,200,236
1779032374243,Load Users 1-43,POST /batch mixed tasks,200,619
1779032374846,Load Users 1-29,GET /work random mode,200,16
1779032374766,Load Users 1-80,GET /work random mode,200,97
1779032374668,Load Users 1-50,GET /work random mode,200,203
1779032374674,Load Users 1-19,POST /batch mixed tasks,200,199
1779032374569,Load Users 1-46,POST /batch mixed tasks,200,307
1779032374851,Load Users 1-25,GET /work random mode,200,25
1779032374053,Load Users 1-78,POST /batch mixed tasks,200,834
1779032374609,Load Users 1-21,POST /batch mixed tasks,200,280
1779032374882,Load Users 1-55,GET /work random mode,200,9
1779032374330,Load Users 1-51,GET /work random mode,200,568
1779032374481,Load Users 1-6,POST /batch mixed tasks,200,420
1779032374418,Load Users 1-9,POST /batch mixed tasks,200,494
1779032374665,Load Users 1-49,POST /batch mixed tasks,200,262
1779032374923,Load Users 1-29,GET /work random mode,200,14
1779032374692,Load Users 1-92,POST /batch mixed tasks,200,251
1779032374678,Load Users 1-71,GET /work random mode,200,270
1779032374595,Load Users 1-31,POST /batch mixed tasks,200,354
1779032374914,Load Users 1-18,GET /work random mode,200,40
1779032374829,Load Users 1-30,GET /work random mode,200,126
1779032374623,Load Users 1-82,POST /batch mixed tasks,200,337
1779032374862,Load Users 1-44,GET /work random mode,200,104
1779032374791,Load Users 1-28,POST /batch mixed tasks,200,177
1779032374838,Load Users 1-91,POST /batch mixed tasks,200,145
1779032374419,Load Users 1-40,POST /batch mixed tasks,200,570
1779032374244,Load Users 1-17,POST /batch mixed tasks,200,747
1779032374767,Load Users 1-36,GET /work random mode,200,225
1779032374657,Load Users 1-63,POST /batch mixed tasks,200,337
1779032373727,Load Users 1-20,GET /work random mode,200,1269
1779032374843,Load Users 1-77,GET /work random mode,200,167
1779032374738,Load Users 1-41,POST /batch mixed tasks,200,274
1779032374788,Load Users 1-33,GET /work random mode,200,225
1779032374941,Load Users 1-46,GET /work random mode,200,75
1779032374447,Load Users 1-86,GET /work random mode,200,572
1779032374549,Load Users 1-90,POST /batch mixed tasks,200,474
1779032375021,Load Users 1-31,GET /work random mode,200,6
1779032374568,Load Users 1-26,POST /batch mixed tasks,200,464
1779032374637,Load Users 1-54,POST /batch mixed tasks,200,397
1779032374271,Load Users 1-84,POST /batch mixed tasks,200,766
1779032374819,Load Users 1-57,POST /batch mixed tasks,200,221
1779032374922,Load Users 1-27,GET /work random mode,200,120
1779032374460,Load Users 1-1,GET /work random mode,200,583
1779032374735,Load Users 1-58,GET /work random mode,200,318
1779032374895,Load Users 1-89,POST /batch mixed tasks,200,169
1779032374718,Load Users 1-81,GET /work random mode,200,352
1779032374912,Load Users 1-80,POST /batch mixed tasks,200,159
1779032374852,Load Users 1-4,POST /batch mixed tasks,200,219
1779032375027,Load Users 1-78,GET /work random mode,200,46
1779032374496,Load Users 1-37,GET /work random mode,200,581
1779032374994,Load Users 1-49,GET /work random mode,200,90
1779032374888,Load Users 1-75,POST /batch mixed tasks,200,199
1779032374863,Load Users 1-3,GET /work random mode,200,242
1779032374953,Load Users 1-83,GET /work random mode,200,154
1779032375019,Load Users 1-9,GET /work random mode,200,102
1779032374735,Load Users 1-79,POST /batch mixed tasks,200,388
1779032375056,Load Users 1-46,POST /batch mixed tasks,200,78
1779032374709,Load Users 1-98,POST /batch mixed tasks,200,432
1779032374787,Load Users 1-99,POST /batch mixed tasks,200,364
1779032374994,Load Users 1-55,POST /batch mixed tasks,200,160
1779032375083,Load Users 1-40,GET /work random mode,200,71
1779032374343,Load Users 1-61,POST /batch mixed tasks,200,811
1779032375151,Load Users 1-83,GET /work random mode,200,10
1779032375138,Load Users 1-36,GET /work random mode,200,25
1779032374719,Load Users 1-5,POST /batch mixed tasks,200,448
1779032374856,Load Users 1-70,POST /batch mixed tasks,200,312
1779032374298,Load Users 1-72,POST /batch mixed tasks,200,885
1779032374867,Load Users 1-38,POST /batch mixed tasks,200,317
1779032374884,Load Users 1-96,POST /batch mixed tasks,200,305
1779032373621,Load Users 1-67,GET /work random mode,200,1571
1779032374896,Load Users 1-22,POST /batch mixed tasks,200,300
1779032374828,Load Users 1-45,POST /batch mixed tasks,200,369
1779032374951,Load Users 1-51,POST /batch mixed tasks,200,251
1779032374881,Load Users 1-47,GET /work random mode,200,325
1779032375133,Load Users 1-89,GET /work random mode,200,82
1779032375086,Load Users 1-41,GET /work random mode,200,134
1779032374841,Load Users 1-56,GET /work random mode,200,379
1779032375090,Load Users 1-91,GET /work random mode,200,135
1779032374828,Load Users 1-94,GET /work random mode,200,399
1779032374878,Load Users 1-14,POST /batch mixed tasks,200,351
1779032374080,Load Users 1-65,POST /batch mixed tasks,200,1149
1779032374749,Load Users 1-15,POST /batch mixed tasks,200,488
1779032374750,Load Users 1-60,GET /work random mode,200,493
1779032374976,Load Users 1-29,POST /batch mixed tasks,200,270
1779032374959,Load Users 1-34,GET /work random mode,200,296
1779032375240,Load Users 1-83,GET /work random mode,200,16
1779032374319,Load Users 1-23,POST /batch mixed tasks,200,938
1779032374144,Load Users 1-97,POST /batch mixed tasks,200,1114
1779032374779,Load Users 1-59,GET /work random mode,200,481
1779032374765,Load Users 1-87,GET /work random mode,200,501
1779032375127,Load Users 1-58,POST /batch mixed tasks,200,144
1779032375209,Load Users 1-70,GET /work random mode,200,70
1779032374541,Load Users 1-76,POST /batch mixed tasks,200,744
1779032374883,Load Users 1-35,GET /work random mode,200,407
1779032375295,Load Users 1-23,GET /work random mode,200,9
1779032374943,Load Users 1-16,POST /batch mixed tasks,200,362
1779032375308,Load Users 1-45,GET /work random mode,200,5
1779032374999,Load Users 1-43,POST /batch mixed tasks,200,315
1779032375225,Load Users 1-79,GET /work random mode,200,92
1779032375291,Load Users 1-67,GET /work random mode,200,27
1779032375032,Load Users 1-71,POST /batch mixed tasks,200,292
1779032375255,Load Users 1-72,GET /work random mode,200,71
1779032375313,Load Users 1-22,GET /work random mode,200,13
1779032374863,Load Users 1-88,POST /batch mixed tasks,200,464
1779032374177,Load Users 1-53,POST /batch mixed tasks,200,1155
1779032375149,Load Users 1-33,POST /batch mixed tasks,200,185
1779032375241,Load Users 1-96,GET /work random mode,200,104
1779032374675,Load Users 1-74,GET /work random mode,200,674
1779032374887,Load Users 1-73,POST /batch mixed tasks,200,465
1779032375303,Load Users 1-55,GET /work random mode,200,55
1779032375266,Load Users 1-40,GET /work random mode,200,92
1779032375062,Load Users 1-86,GET /work random mode,200,300
1779032374709,Load Users 1-8,POST /batch mixed tasks,200,654
1779032375055,Load Users 1-92,POST /batch mixed tasks,200,312
1779032375273,Load Users 1-38,POST /batch mixed tasks,200,95
1779032375047,Load Users 1-6,POST /batch mixed tasks,200,325
1779032375132,Load Users 1-57,GET /work random mode,200,241
1779032375368,Load Users 1-53,GET /work random mode,200,11
1779032375250,Load Users 1-51,GET /work random mode,200,140
1779032375183,Load Users 1-46,GET /work random mode,200,209
1779032375145,Load Users 1-84,POST /batch mixed tasks,200,282
1779032375040,Load Users 1-20,POST /batch mixed tasks,200,404
1779032375094,Load Users 1-26,POST /batch mixed tasks,200,352
1779032375426,Load Users 1-38,GET /work random mode,200,27
1779032375438,Load Users 1-40,GET /work random mode,200,27
1779032375107,Load Users 1-44,POST /batch mixed tasks,200,358
1779032375115,Load Users 1-77,POST /batch mixed tasks,200,350
1779032374897,Load Users 1-62,POST /batch mixed tasks,200,580
1779032374852,Load Users 1-100,POST /batch mixed tasks,200,629
1779032375391,Load Users 1-43,POST /batch mixed tasks,200,90
1779032375345,Load Users 1-34,GET /work random mode,200,138
1779032375305,Load Users 1-14,GET /work random mode,200,182
1779032374767,Load Users 1-93,POST /batch mixed tasks,200,722
1779032375198,Load Users 1-99,POST /batch mixed tasks,200,292
1779032375043,Load Users 1-30,POST /batch mixed tasks,200,448
1779032375056,Load Users 1-82,POST /batch mixed tasks,200,440
1779032375416,Load Users 1-22,GET /work random mode,200,83
1779032374785,Load Users 1-24,POST /batch mixed tasks,200,717
1779032375209,Load Users 1-49,POST /batch mixed tasks,200,294
1779032375005,Load Users 1-18,POST /batch mixed tasks,200,501
1779032375095,Load Users 1-17,GET /work random mode,200,411
1779032374916,Load Users 1-64,POST /batch mixed tasks,200,610
1779032375304,Load Users 1-97,GET /work random mode,200,222
1779032374520,Load Users 1-48,GET /work random mode,200,1007
1779032375328,Load Users 1-15,GET /work random mode,200,208
1779032375455,Load Users 1-33,GET /work random mode,200,84
1779032375398,Load Users 1-59,POST /batch mixed tasks,200,142
1779032375333,Load Users 1-65,GET /work random mode,200,208
1779032374873,Load Users 1-13,POST /batch mixed tasks,200,668
1779032375355,Load Users 1-45,GET /work random mode,200,187
1779032374856,Load Users 1-85,POST /batch mixed tasks,200,688
1779032375076,Load Users 1-27,POST /batch mixed tasks,200,472
1779032375376,Load Users 1-23,GET /work random mode,200,175
1779032375022,Load Users 1-19,POST /batch mixed tasks,200,532
1779032374977,Load Users 1-95,POST /batch mixed tasks,200,578
1779032375192,Load Users 1-3,POST /batch mixed tasks,200,373
1779032375161,Load Users 1-1,POST /batch mixed tasks,200,405
1779032375561,Load Users 1-64,GET /work random mode,200,7
1779032375146,Load Users 1-75,GET /work random mode,200,424
1779032375569,Load Users 1-33,GET /work random mode,200,11
1779032375584,Load Users 1-45,GET /work random mode,200,6
1779032374932,Load Users 1-32,POST /batch mixed tasks,200,658
1779032375076,Load Users 1-31,POST /batch mixed tasks,200,517
1779032374959,Load Users 1-11,POST /batch mixed tasks,200,638
1779032375382,Load Users 1-60,GET /work random mode,200,217
1779032375345,Load Users 1-58,POST /batch mixed tasks,200,258
1779032375542,Load Users 1-84,GET /work random mode,200,63
1779032375578,Load Users 1-49,GET /work random mode,200,33
1779032375445,Load Users 1-6,GET /work random mode,200,181
1779032375082,Load Users 1-90,POST /batch mixed tasks,200,550
1779032375516,Load Users 1-38,GET /work random mode,200,128
1779032374897,Load Users 1-66,GET /work random mode,200,748
1779032375614,Load Users 1-34,GET /work random mode,200,33
1779032375574,Load Users 1-15,GET /work random mode,200,77
1779032375606,Load Users 1-75,GET /work random mode,200,46
1779032375372,Load Users 1-70,GET /work random mode,200,282
1779032375196,Load Users 1-78,POST /batch mixed tasks,200,458
1779032375224,Load Users 1-5,POST /batch mixed tasks,200,431
1779032374831,Load Users 1-10,POST /batch mixed tasks,200,826
1779032375136,Load Users 1-80,GET /work random mode,200,523
1779032374635,Load Users 1-42,POST /batch mixed tasks,200,1026
1779032375308,Load Users 1-41,POST /batch mixed tasks,200,358
1779032375203,Load Users 1-81,POST /batch mixed tasks,200,466
1779032375261,Load Users 1-89,POST /batch mixed tasks,200,409
1779032375550,Load Users 1-26,GET /work random mode,200,121
1779032375672,Load Users 1-84,GET /work random mode,200,2
1779032375565,Load Users 1-20,POST /batch mixed tasks,200,115
1779032374883,Load Users 1-68,GET /work random mode,200,803
1779032375260,Load Users 1-91,POST /batch mixed tasks,200,433
1779032375377,Load Users 1-76,POST /batch mixed tasks,200,324
1779032375648,Load Users 1-95,GET /work random mode,200,64
1779032375640,Load Users 1-17,POST /batch mixed tasks,200,76
1779032374284,Load Users 1-7,POST /batch mixed tasks,200,1432
1779032375362,Load Users 1-79,POST /batch mixed tasks,200,358
1779032375583,Load Users 1-22,POST /batch mixed tasks,200,158
1779032375325,Load Users 1-94,POST /batch mixed tasks,200,427
1779032375683,Load Users 1-75,POST /batch mixed tasks,200,81
1779032375497,Load Users 1-55,POST /batch mixed tasks,200,275
1779032375628,Load Users 1-65,POST /batch mixed tasks,200,147
1779032375638,Load Users 1-59,POST /batch mixed tasks,200,141
1779032374542,Load Users 1-2,POST /batch mixed tasks,200,1241
1779032375659,Load Users 1-48,POST /batch mixed tasks,200,126
1779032375385,Load Users 1-29,GET /work random mode,200,404
1779032375352,Load Users 1-67,GET /work random mode,200,448
1779032375013,Load Users 1-50,POST /batch mixed tasks,200,787
1779032374871,Load Users 1-69,POST /batch mixed tasks,200,930
1779032375784,Load Users 1-95,GET /work random mode,200,21
1779032375702,Load Users 1-3,GET /work random mode,200,107
1779032375777,Load Users 1-84,GET /work random mode,200,42
1779032375597,Load Users 1-13,POST /batch mixed tasks,200,225
1779032375242,Load Users 1-47,POST /batch mixed tasks,200,584
1779032375198,Load Users 1-36,POST /batch mixed tasks,200,630
1779032375673,Load Users 1-49,GET /work random mode,200,168
1779032375453,Load Users 1-96,POST /batch mixed tasks,200,389
1779032375621,Load Users 1-14,POST /batch mixed tasks,200,221
1779032375395,Load Users 1-72,GET /work random mode,200,458
1779032374965,Load Users 1-21,POST /batch mixed tasks,200,898
1779032375356,Load Users 1-35,POST /batch mixed tasks,200,513
1779032375764,Load Users 1-91,POST /batch mixed tasks,200,105
1779032375412,Load Users 1-88,POST /batch mixed tasks,200,459
1779032375592,Load Users 1-43,GET /work random mode,200,280
1779032375443,Load Users 1-16,GET /work random mode,200,435
1779032375299,Load Users 1-83,POST /batch mixed tasks,200,581
1779032375716,Load Users 1-66,GET /work random mode,200,170
1779032375473,Load Users 1-8,POST /batch mixed tasks,200,413
1779032375707,Load Users 1-34,POST /batch mixed tasks,200,182
1779032375854,Load Users 1-69,GET /work random mode,200,35
1779032375647,Load Users 1-33,GET /work random mode,200,247
1779032375780,Load Users 1-80,POST /batch mixed tasks,200,115
1779032375745,Load Users 1-42,GET /work random mode,200,154
1779032375520,Load Users 1-53,POST /batch mixed tasks,200,379
1779032375499,Load Users 1-40,POST /batch mixed tasks,200,402
1779032375248,Load Users 1-98,POST /batch mixed tasks,200,653
1779032375902,Load Users 1-96,GET /work random mode,200,5
1779032375104,Load Users 1-28,GET /work random mode,200,804
1779032374794,Load Users 1-52,POST /batch mixed tasks,200,1116
1779032375196,Load Users 1-61,POST /batch mixed tasks,200,715
1779032375477,Load Users 1-86,POST /batch mixed tasks,200,435
1779032375497,Load Users 1-73,POST /batch mixed tasks,200,418
1779032375762,Load Users 1-5,POST /batch mixed tasks,200,153
1779032375632,Load Users 1-60,POST /batch mixed tasks,200,288
1779032375687,Load Users 1-58,GET /work random mode,200,248
1779032375843,Load Users 1-29,POST /batch mixed tasks,200,94
1779032375640,Load Users 1-31,POST /batch mixed tasks,200,297
1779032375220,Load Users 1-37,POST /batch mixed tasks,200,719
1779032375909,Load Users 1-72,GET /work random mode,200,32
1779032375950,Load Users 1-3,GET /work random mode,200,12
1779032375091,Load Users 1-54,POST /batch mixed tasks,200,874
1779032375864,Load Users 1-94,GET /work random mode,200,102
1779032375821,Load Users 1-75,GET /work random mode,200,151
1779032375938,Load Users 1-13,GET /work random mode,200,39
1779032375584,Load Users 1-99,POST /batch mixed tasks,200,395
1779032375732,Load Users 1-81,GET /work random mode,200,254
1779032375976,Load Users 1-43,GET /work random mode,200,12
1779032374833,Load Users 1-12,POST /batch mixed tasks,200,1155
1779032375952,Load Users 1-35,GET /work random mode,200,47
1779032375997,Load Users 1-34,GET /work random mode,200,2
1779032375403,Load Users 1-87,GET /work random mode,200,607
1779032375644,Load Users 1-11,POST /batch mixed tasks,200,368
1779032375989,Load Users 1-69,GET /work random mode,200,29
1779032375844,Load Users 1-95,GET /work random mode,200,175
1779032374925,Load Users 1-39,POST /batch mixed tasks,200,1100
1779032375851,Load Users 1-76,GET /work random mode,200,175
1779032375787,Load Users 1-89,GET /work random mode,200,249
1779032375560,Load Users 1-30,POST /batch mixed tasks,200,477
1779032375701,Load Users 1-64,POST /batch mixed tasks,200,337
1779032375834,Load Users 1-48,POST /batch mixed tasks,200,205
1779032375183,Load Users 1-9,POST /batch mixed tasks,200,858
1779032376039,Load Users 1-13,GET /work random mode,200,4
1779032375728,Load Users 1-45,POST /batch mixed tasks,200,318
1779032375651,Load Users 1-18,GET /work random mode,200,395
1779032375993,Load Users 1-72,GET /work random mode,200,56
1779032375445,Load Users 1-71,POST /batch mixed tasks,200,608
1779032375962,Load Users 1-61,GET /work random mode,200,94
1779032375516,Load Users 1-44,GET /work random mode,200,549
1779032375812,Load Users 1-20,POST /batch mixed tasks,200,253
1779032375425,Load Users 1-92,GET /work random mode,200,642
1779032375808,Load Users 1-65,GET /work random mode,200,263
1779032376035,Load Users 1-54,GET /work random mode,200,38
1779032375648,Load Users 1-97,POST /batch mixed tasks,200,426
1779032375851,Load Users 1-55,POST /batch mixed tasks,200,224
1779032376012,Load Users 1-21,GET /work random mode,200,70
1779032376078,Load Users 1-64,GET /work random mode,200,9
1779032375591,Load Users 1-27,GET /work random mode,200,499
1779032376014,Load Users 1-31,POST /batch mixed tasks,200,76
1779032375950,Load Users 1-91,GET /work random mode,200,141
1779032376014,Load Users 1-37,GET /work random mode,200,78
1779032375503,Load Users 1-77,POST /batch mixed tasks,200,598
1779032375938,Load Users 1-96,POST /batch mixed tasks,200,172
1779032376106,Load Users 1-30,GET /work random mode,200,4
1779032375952,Load Users 1-5,POST /batch mixed tasks,200,160
1779032375316,Load Users 1-56,POST /batch mixed tasks,200,796
1779032376122,Load Users 1-13,GET /work random mode,200,5
1779032376106,Load Users 1-65,GET /work random mode,200,26
1779032376003,Load Users 1-66,GET /work random mode,200,129
1779032375990,Load Users 1-14,POST /batch mixed tasks,200,142
1779032375712,Load Users 1-1,POST /batch mixed tasks,200,422
1779032375613,Load Users 1-100,POST /batch mixed tasks,200,523
1779032375927,Load Users 1-8,GET /work random mode,200,210
1779032375508,Load Users 1-46,GET /work random mode,200,630
1779032376107,Load Users 1-61,GET /work random mode,200,32
1779032375704,Load Users 1-90,GET /work random mode,200,436
1779032375761,Load Users 1-17,POST /batch mixed tasks,200,382
1779032375796,Load Users 1-78,POST /batch mixed tasks,200,348
1779032375515,Load Users 1-51,GET /work random mode,200,636
1779032375990,Load Users 1-98,GET /work random mode,200,169
1779032376101,Load Users 1-3,GET /work random mode,200,58
1779032375620,Load Users 1-24,GET /work random mode,200,539
1779032375603,Load Users 1-23,GET /work random mode,200,558
1779032375138,Load Users 1-63,GET /work random mode,200,1032
1779032376166,Load Users 1-14,GET /work random mode,200,26
1779032376111,Load Users 1-9,GET /work random mode,200,94
1779032376044,Load Users 1-34,GET /work random mode,200,161
1779032375971,Load Users 1-88,POST /batch mixed tasks,200,237
1779032376090,Load Users 1-71,POST /batch mixed tasks,200,126
1779032376096,Load Users 1-94,GET /work random mode,200,120
1779032375414,Load Users 1-74,POST /batch mixed tasks,200,803
1779032375497,Load Users 1-57,GET /work random mode,200,725
1779032376174,Load Users 1-64,GET /work random mode,200,50
1779032374967,Load Users 1-25,GET /work random mode,200,1264
1779032376136,Load Users 1-43,GET /work random mode,200,96
1779032375519,Load Users 1-62,POST /batch mixed tasks,200,713
1779032376063,Load Users 1-75,POST /batch mixed tasks,200,171
1779032375775,Load Users 1-6,POST /batch mixed tasks,200,461
1779032376218,Load Users 1-8,GET /work random mode,200,18
1779032375663,Load Users 1-32,POST /batch mixed tasks,200,589
1779032375969,Load Users 1-80,GET /work random mode,200,283
1779032375703,Load Users 1-19,POST /batch mixed tasks,200,555
1779032376183,Load Users 1-51,GET /work random mode,200,82
1779032376132,Load Users 1-95,GET /work random mode,200,134
1779032375876,Load Users 1-2,POST /batch mixed tasks,200,402
1779032375982,Load Users 1-29,POST /batch mixed tasks,200,302
1779032375964,Load Users 1-33,GET /work random mode,200,321
1779032375572,Load Users 1-93,GET /work random mode,200,714
1779032376219,Load Users 1-96,GET /work random mode,200,71
1779032376242,Load Users 1-63,GET /work random mode,200,58
1779032376286,Load Users 1-32,GET /work random mode,200,27
1779032376004,Load Users 1-52,GET /work random mode,200,312
1779032375916,Load Users 1-16,GET /work random mode,200,404
1779032376232,Load Users 1-65,GET /work random mode,200,90
1779032375133,Load Users 1-4,POST /batch mixed tasks,200,1194
1779032375726,Load Users 1-41,POST /batch mixed tasks,200,604
1779032376172,Load Users 1-5,GET /work random mode,200,170
1779032376292,Load Users 1-57,GET /work random mode,200,50
1779032376273,Load Users 1-78,GET /work random mode,200,73
1779032375559,Load Users 1-82,POST /batch mixed tasks,200,792
1779032376084,Load Users 1-18,POST /batch mixed tasks,200,269
1779032376069,Load Users 1-60,POST /batch mixed tasks,200,285
1779032376185,Load Users 1-92,GET /work random mode,200,173
1779032375713,Load Users 1-10,POST /batch mixed tasks,200,660
1779032376086,Load Users 1-12,POST /batch mixed tasks,200,291
1779032376345,Load Users 1-96,GET /work random mode,200,32
1779032376327,Load Users 1-51,GET /work random mode,200,51
1779032376185,Load Users 1-90,POST /batch mixed tasks,200,198
1779032376272,Load Users 1-24,GET /work random mode,200,112
1779032375790,Load Users 1-15,GET /work random mode,200,597
1779032375828,Load Users 1-22,GET /work random mode,200,561
1779032376265,Load Users 1-46,POST /batch mixed tasks,200,131
1779032376136,Load Users 1-27,GET /work random mode,200,264
1779032375585,Load Users 1-85,POST /batch mixed tasks,200,819
1779032376390,Load Users 1-41,GET /work random mode,200,17
1779032376357,Load Users 1-16,GET /work random mode,200,51
1779032376032,Load Users 1-35,GET /work random mode,200,376
1779032376137,Load Users 1-37,GET /work random mode,200,276
1779032375941,Load Users 1-84,GET /work random mode,200,472
1779032375893,Load Users 1-47,POST /batch mixed tasks,200,521
1779032376390,Load Users 1-65,GET /work random mode,200,25
1779032376299,Load Users 1-6,POST /batch mixed tasks,200,124
1779032376222,Load Users 1-54,POST /batch mixed tasks,200,201
1779032375800,Load Users 1-68,GET /work random mode,200,627
1779032376182,Load Users 1-13,POST /batch mixed tasks,200,249
1779032376433,Load Users 1-10,GET /work random mode,200,2
1779032375999,Load Users 1-83,GET /work random mode,200,446
1779032376071,Load Users 1-58,POST /batch mixed tasks,200,377
1779032376171,Load Users 1-77,POST /batch mixed tasks,200,279
1779032376364,Load Users 1-29,POST /batch mixed tasks,200,88
1779032376252,Load Users 1-14,POST /batch mixed tasks,200,202
1779032375979,Load Users 1-28,POST /batch mixed tasks,200,476
1779032376023,Load Users 1-81,POST /batch mixed tasks,200,437
1779032376109,Load Users 1-44,GET /work random mode,200,360
1779032376050,Load Users 1-11,GET /work random mode,200,429
1779032376467,Load Users 1-41,GET /work random mode,200,20
1779032375861,Load Users 1-67,POST /batch mixed tasks,200,631
1779032376408,Load Users 1-93,GET /work random mode,200,86
1779032376190,Load Users 1-97,POST /batch mixed tasks,200,308
1779032376273,Load Users 1-25,POST /batch mixed tasks,200,231
1779032376151,Load Users 1-48,POST /batch mixed tasks,200,355
1779032375942,Load Users 1-86,POST /batch mixed tasks,200,567
1779032376276,Load Users 1-62,POST /batch mixed tasks,200,233
1779032376475,Load Users 1-12,GET /work random mode,200,36
1779032375885,Load Users 1-49,GET /work random mode,200,627
1779032376251,Load Users 1-23,GET /work random mode,200,262
1779032376429,Load Users 1-90,GET /work random mode,200,92
1779032376120,Load Users 1-45,GET /work random mode,200,409
1779032376352,Load Users 1-34,GET /work random mode,200,177
1779032375707,Load Users 1-38,POST /batch mixed tasks,200,822
1779032375757,Load Users 1-70,GET /work random mode,200,772
1779032376409,Load Users 1-5,GET /work random mode,200,121
1779032375815,Load Users 1-7,GET /work random mode,200,727
1779032376087,Load Users 1-39,GET /work random mode,200,459
1779032375968,Load Users 1-53,POST /batch mixed tasks,200,580
1779032376273,Load Users 1-3,GET /work random mode,200,277
1779032376404,Load Users 1-2,GET /work random mode,200,148
1779032376160,Load Users 1-56,GET /work random mode,200,398
1779032376136,Load Users 1-21,POST /batch mixed tasks,200,426
1779032376267,Load Users 1-75,GET /work random mode,200,296
1779032375832,Load Users 1-59,POST /batch mixed tasks,200,732
1779032376532,Load Users 1-24,GET /work random mode,200,32
1779032376463,Load Users 1-60,GET /work random mode,200,104
1779032376359,Load Users 1-95,POST /batch mixed tasks,200,208
1779032376562,Load Users 1-62,GET /work random mode,200,8
1779032376323,Load Users 1-64,GET /work random mode,200,249
1779032376188,Load Users 1-30,GET /work random mode,200,385
1779032376259,Load Users 1-98,POST /batch mixed tasks,200,315
1779032376436,Load Users 1-51,GET /work random mode,200,143
1779032376101,Load Users 1-72,GET /work random mode,200,478
1779032375789,Load Users 1-26,GET /work random mode,200,793
1779032376059,Load Users 1-73,POST /batch mixed tasks,200,525
1779032376367,Load Users 1-52,POST /batch mixed tasks,200,218
1779032376215,Load Users 1-66,POST /batch mixed tasks,200,376
1779032376594,Load Users 1-34,GET /work random mode,200,2
1779032376412,Load Users 1-4,POST /batch mixed tasks,200,187
1779032376258,Load Users 1-1,POST /batch mixed tasks,200,342
1779032376564,Load Users 1-6,GET /work random mode,200,36
1779032376340,Load Users 1-80,POST /batch mixed tasks,200,264
1779032376490,Load Users 1-14,GET /work random mode,200,120
1779032376470,Load Users 1-46,POST /batch mixed tasks,200,141
1779032376386,Load Users 1-78,GET /work random mode,200,228
1779032375913,Load Users 1-36,GET /work random mode,200,701
1779032376258,Load Users 1-88,POST /batch mixed tasks,200,357
1779032376219,Load Users 1-31,GET /work random mode,200,405
1779032376050,Load Users 1-87,POST /batch mixed tasks,200,579
1779032376514,Load Users 1-54,GET /work random mode,200,119
1779032376412,Load Users 1-96,POST /batch mixed tasks,200,230
1779032375942,Load Users 1-40,GET /work random mode,200,710
1779032376644,Load Users 1-7,GET /work random mode,200,17
1779032376254,Load Users 1-17,POST /batch mixed tasks,200,413
1779032376616,Load Users 1-3,POST /batch mixed tasks,200,51
1779032376569,Load Users 1-44,GET /work random mode,200,102
1779032376074,Load Users 1-76,GET /work random mode,200,601
1779032376333,Load Users 1-71,GET /work random mode,200,343
1779032376218,Load Users 1-91,POST /batch mixed tasks,200,467
1779032376656,Load Users 1-24,GET /work random mode,200,30
1779032376466,Load Users 1-10,GET /work random mode,200,220
1779032376140,Load Users 1-20,POST /batch mixed tasks,200,553
1779032376230,Load Users 1-100,POST /batch mixed tasks,200,464
1779032376558,Load Users 1-68,POST /batch mixed tasks,200,142
1779032376600,Load Users 1-11,POST /batch mixed tasks,200,102
1779032376639,Load Users 1-6,GET /work random mode,200,66
1779032376046,Load Users 1-42,POST /batch mixed tasks,200,660
1779032376292,Load Users 1-74,POST /batch mixed tasks,200,417
1779032376677,Load Users 1-78,GET /work random mode,200,32
1779032376559,Load Users 1-83,POST /batch mixed tasks,200,177
1779032376636,Load Users 1-38,POST /batch mixed tasks,200,102
1779032376564,Load Users 1-28,GET /work random mode,200,174
1779032376708,Load Users 1-95,GET /work random mode,200,31
1779032376639,Load Users 1-86,GET /work random mode,200,125
1779032376351,Load Users 1-32,POST /batch mixed tasks,200,414
1779032376588,Load Users 1-67,GET /work random mode,200,183
1779032376704,Load Users 1-44,GET /work random mode,200,70
1779032376444,Load Users 1-22,POST /batch mixed tasks,200,331
1779032376190,Load Users 1-55,POST /batch mixed tasks,200,590
1779032376755,Load Users 1-31,GET /work random mode,200,30
1779032376750,Load Users 1-71,GET /work random mode,200,35
1779032376445,Load Users 1-27,POST /batch mixed tasks,200,342
1779032376590,Load Users 1-45,POST /batch mixed tasks,200,198
1779032376609,Load Users 1-59,GET /work random mode,200,182
1779032376448,Load Users 1-47,GET /work random mode,200,347
1779032376723,Load Users 1-7,GET /work random mode,200,76
1779032376237,Load Users 1-9,POST /batch mixed tasks,200,562
1779032376609,Load Users 1-90,POST /batch mixed tasks,200,191
1779032376495,Load Users 1-81,POST /batch mixed tasks,200,307
1779032376181,Load Users 1-61,GET /work random mode,200,625
1779032376743,Load Users 1-1,GET /work random mode,200,70
1779032376268,Load Users 1-94,GET /work random mode,200,546
1779032376454,Load Users 1-15,POST /batch mixed tasks,200,360
1779032376431,Load Users 1-92,GET /work random mode,200,385
1779032376536,Load Users 1-29,POST /batch mixed tasks,200,280
1779032376821,Load Users 1-32,GET /work random mode,200,2
1779032376798,Load Users 1-91,GET /work random mode,200,27
1779032376330,Load Users 1-33,GET /work random mode,200,501
1779032376511,Load Users 1-13,GET /work random mode,200,324
1779032376378,Load Users 1-57,POST /batch mixed tasks,200,463
1779032376811,Load Users 1-42,GET /work random mode,200,31
1779032376647,Load Users 1-48,GET /work random mode,200,230
1779032376528,Load Users 1-41,POST /batch mixed tasks,200,350
1779032376759,Load Users 1-3,POST /batch mixed tasks,200,120
1779032376755,Load Users 1-20,POST /batch mixed tasks,200,125
1779032376814,Load Users 1-55,GET /work random mode,200,76
1779032376875,Load Users 1-31,GET /work random mode,200,16
1779032376539,Load Users 1-37,POST /batch mixed tasks,200,356
1779032376463,Load Users 1-35,GET /work random mode,200,434
1779032376889,Load Users 1-13,GET /work random mode,200,16
1779032376719,Load Users 1-72,GET /work random mode,200,190
1779032376752,Load Users 1-17,GET /work random mode,200,162
1779032376395,Load Users 1-18,POST /batch mixed tasks,200,524
1779032376685,Load Users 1-64,GET /work random mode,200,237
1779032376915,Load Users 1-71,GET /work random mode,200,7
1779032376922,Load Users 1-15,GET /work random mode,200,2
1779032376900,Load Users 1-57,GET /work random mode,200,26
1779032376750,Load Users 1-88,GET /work random mode,200,176
1779032376686,Load Users 1-26,POST /batch mixed tasks,200,243
1779032375789,Load Users 1-79,POST /batch mixed tasks,200,1143
1779032376648,Load Users 1-12,POST /batch mixed tasks,200,292
1779032376802,Load Users 1-6,POST /batch mixed tasks,200,139
1779032376654,Load Users 1-70,GET /work random mode,200,288
1779032376718,Load Users 1-87,GET /work random mode,200,232
1779032376843,Load Users 1-9,GET /work random mode,200,109
1779032376694,Load Users 1-66,POST /batch mixed tasks,200,261
1779032376861,Load Users 1-61,POST /batch mixed tasks,200,96
1779032376097,Load Users 1-69,POST /batch mixed tasks,200,862
1779032376292,Load Users 1-43,POST /batch mixed tasks,200,668
1779032376301,Load Users 1-8,POST /batch mixed tasks,200,660
1779032376091,Load Users 1-89,POST /batch mixed tasks,200,874
1779032376456,Load Users 1-85,POST /batch mixed tasks,200,515
1779032376680,Load Users 1-2,GET /work random mode,200,298
1779032376619,Load Users 1-73,POST /batch mixed tasks,200,360
1779032376961,Load Users 1-72,GET /work random mode,200,19
1779032376863,Load Users 1-22,GET /work random mode,200,132
1779032376556,Load Users 1-65,GET /work random mode,200,443
1779032376963,Load Users 1-92,GET /work random mode,200,40
1779032376536,Load Users 1-16,POST /batch mixed tasks,200,469
1779032376620,Load Users 1-49,GET /work random mode,200,388
1779032376609,Load Users 1-25,POST /batch mixed tasks,200,403
1779032376840,Load Users 1-78,POST /batch mixed tasks,200,179
1779032376774,Load Users 1-83,POST /batch mixed tasks,200,247
1779032376835,Load Users 1-11,GET /work random mode,200,187
1779032376964,Load Users 1-88,GET /work random mode,200,63
1779032376842,Load Users 1-59,POST /batch mixed tasks,200,189
1779032376869,Load Users 1-38,POST /batch mixed tasks,200,162
1779032376903,Load Users 1-1,POST /batch mixed tasks,200,135
1779032376981,Load Users 1-41,GET /work random mode,200,59
1779032376959,Load Users 1-55,GET /work random mode,200,84
1779032376805,Load Users 1-76,POST /batch mixed tasks,200,240
1779032375942,Load Users 1-50,POST /batch mixed tasks,200,1105
1779032377041,Load Users 1-9,GET /work random mode,200,10
1779032376938,Load Users 1-7,POST /batch mixed tasks,200,115
1779032376629,Load Users 1-98,POST /batch mixed tasks,200,426
1779032376963,Load Users 1-31,GET /work random mode,200,95
1779032377029,Load Users 1-6,GET /work random mode,200,30
1779032376296,Load Users 1-19,POST /batch mixed tasks,200,766
1779032376738,Load Users 1-14,POST /batch mixed tasks,200,327
1779032377055,Load Users 1-79,GET /work random mode,200,13
1779032376673,Load Users 1-5,GET /work random mode,200,397
1779032377076,Load Users 1-70,GET /work random mode,200,10
1779032376806,Load Users 1-74,POST /batch mixed tasks,200,281
1779032376772,Load Users 1-100,GET /work random mode,200,316
1779032377066,Load Users 1-26,GET /work random mode,200,22
1779032376828,Load Users 1-28,POST /batch mixed tasks,200,264
1779032376763,Load Users 1-54,POST /batch mixed tasks,200,330
1779032376751,Load Users 1-96,POST /batch mixed tasks,200,342
1779032376886,Load Users 1-47,GET /work random mode,200,209
1779032376728,Load Users 1-52,POST /batch mixed tasks,200,371
1779032377077,Load Users 1-11,GET /work random mode,200,24
1779032377099,Load Users 1-6,GET /work random mode,200,3
1779032377000,Load Users 1-71,GET /work random mode,200,102
1779032377035,Load Users 1-12,GET /work random mode,200,69
1779032376489,Load Users 1-84,POST /batch mixed tasks,200,616
1779032376939,Load Users 1-90,GET /work random mode,200,173
1779032377054,Load Users 1-64,GET /work random mode,200,72
1779032376991,Load Users 1-15,GET /work random mode,200,138
1779032376708,Load Users 1-75,POST /batch mixed tasks,200,425
1779032376889,Load Users 1-33,POST /batch mixed tasks,200,244
1779032376480,Load Users 1-58,POST /batch mixed tasks,200,655
1779032376075,Load Users 1-99,POST /batch mixed tasks,200,1063
1779032377006,Load Users 1-85,GET /work random mode,200,138
1779032376619,Load Users 1-30,POST /batch mixed tasks,200,528
1779032376611,Load Users 1-51,POST /batch mixed tasks,200,537
1779032376489,Load Users 1-82,POST /batch mixed tasks,200,660
1779032377103,Load Users 1-88,GET /work random mode,200,60
1779032377141,Load Users 1-83,GET /work random mode,200,23
1779032376930,Load Users 1-42,POST /batch mixed tasks,200,240
1779032376593,Load Users 1-23,GET /work random mode,200,579
1779032376339,Load Users 1-63,GET /work random mode,200,847
1779032376626,Load Users 1-53,GET /work random mode,200,561
1779032376788,Load Users 1-10,POST /batch mixed tasks,200,404
1779032376960,Load Users 1-91,GET /work random mode,200,236
1779032376670,Load Users 1-56,POST /batch mixed tasks,200,537
1779032376960,Load Users 1-32,GET /work random mode,200,251
1779032377093,Load Users 1-87,GET /work random mode,200,124
1779032377100,Load Users 1-89,GET /work random mode,200,120
1779032376934,Load Users 1-27,POST /batch mixed tasks,200,291
1779032377190,Load Users 1-58,GET /work random mode,200,35
1779032377165,Load Users 1-59,POST /batch mixed tasks,200,61
1779032377227,Load Users 1-85,GET /work random mode,200,6
1779032377069,Load Users 1-61,GET /work random mode,200,165
1779032377033,Load Users 1-22,GET /work random mode,200,202
1779032377236,Load Users 1-10,GET /work random mode,200,2
1779032377150,Load Users 1-28,POST /batch mixed tasks,200,96
1779032377237,Load Users 1-51,GET /work random mode,200,17
1779032376957,Load Users 1-20,POST /batch mixed tasks,200,297
1779032377226,Load Users 1-75,GET /work random mode,200,29
1779032377233,Load Users 1-99,GET /work random mode,200,26
1779032376697,Load Users 1-4,POST /batch mixed tasks,200,565
1779032376971,Load Users 1-35,POST /batch mixed tasks,200,291
1779032377253,Load Users 1-87,GET /work random mode,200,16
1779032376693,Load Users 1-80,GET /work random mode,200,591
1779032377185,Load Users 1-100,POST /batch mixed tasks,200,113
1779032376605,Load Users 1-62,POST /batch mixed tasks,200,712
1779032377295,Load Users 1-91,GET /work random mode,200,28
1779032376911,Load Users 1-94,GET /work random mode,200,414
1779032376659,Load Users 1-21,POST /batch mixed tasks,200,677
1779032377171,Load Users 1-1,POST /batch mixed tasks,200,169
1779032376640,Load Users 1-60,POST /batch mixed tasks,200,706
1779032377188,Load Users 1-90,GET /work random mode,200,166
1779032377046,Load Users 1-57,GET /work random mode,200,309
1779032377244,Load Users 1-52,POST /batch mixed tasks,200,112
1779032376608,Load Users 1-93,POST /batch mixed tasks,200,750
1779032377107,Load Users 1-49,POST /batch mixed tasks,200,251
1779032377027,Load Users 1-13,POST /batch mixed tasks,200,344
1779032377083,Load Users 1-43,POST /batch mixed tasks,200,292
1779032377081,Load Users 1-16,POST /batch mixed tasks,200,295
1779032377220,Load Users 1-23,GET /work random mode,200,158
1779032376727,Load Users 1-40,GET /work random mode,200,651
1779032377109,Load Users 1-8,POST /batch mixed tasks,200,270
1779032376655,Load Users 1-46,GET /work random mode,200,725
1779032377315,Load Users 1-58,GET /work random mode,200,71
1779032376790,Load Users 1-95,POST /batch mixed tasks,200,597
1779032377273,Load Users 1-22,GET /work random mode,200,114
1779032377145,Load Users 1-14,POST /batch mixed tasks,200,246
1779032377293,Load Users 1-89,POST /batch mixed tasks,200,98
1779032377120,Load Users 1-9,POST /batch mixed tasks,200,271
1779032376905,Load Users 1-29,GET /work random mode,200,499
1779032376646,Load Users 1-39,POST /batch mixed tasks,200,764
1779032377061,Load Users 1-17,GET /work random mode,200,350
1779032377143,Load Users 1-79,POST /batch mixed tasks,200,269
1779032377055,Load Users 1-65,POST /batch mixed tasks,200,362
1779032377142,Load Users 1-84,GET /work random mode,200,279
1779032377289,Load Users 1-56,POST /batch mixed tasks,200,137
1779032377126,Load Users 1-50,POST /batch mixed tasks,200,303
1779032376797,Load Users 1-24,GET /work random mode,200,633
1779032377084,Load Users 1-92,GET /work random mode,200,347
1779032377231,Load Users 1-6,POST /batch mixed tasks,200,211
1779032377366,Load Users 1-94,GET /work random mode,200,76
1779032376512,Load Users 1-77,POST /batch mixed tasks,200,932
1779032377154,Load Users 1-47,GET /work random mode,200,301
1779032377451,Load Users 1-17,GET /work random mode,200,6
1779032377311,Load Users 1-99,GET /work random mode,200,155
1779032377433,Load Users 1-89,GET /work random mode,200,39
1779032377161,Load Users 1-11,POST /batch mixed tasks,200,312
1779032377435,Load Users 1-62,GET /work random mode,200,39
1779032377286,Load Users 1-82,POST /batch mixed tasks,200,189
1779032377199,Load Users 1-19,POST /batch mixed tasks,200,282
1779032377239,Load Users 1-15,POST /batch mixed tasks,200,246
1779032377115,Load Users 1-5,POST /batch mixed tasks,200,376
1779032376855,Load Users 1-44,POST /batch mixed tasks,200,642
1779032377228,Load Users 1-70,POST /batch mixed tasks,200,270
1779032377073,Load Users 1-41,POST /batch mixed tasks,200,433
1779032376593,Load Users 1-97,POST /batch mixed tasks,200,914
1779032377498,Load Users 1-50,GET /work random mode,200,10
1779032377479,Load Users 1-49,GET /work random mode,200,41
1779032377161,Load Users 1-76,GET /work random mode,200,362
1779032376943,Load Users 1-48,GET /work random mode,200,587
1779032376722,Load Users 1-34,POST /batch mixed tasks,200,815
1779032377551,Load Users 1-47,GET /work random mode,200,5
1779032377123,Load Users 1-55,POST /batch mixed tasks,200,435
1779032377485,Load Users 1-94,GET /work random mode,200,78
1779032376919,Load Users 1-3,GET /work random mode,200,645
1779032377453,Load Users 1-58,GET /work random mode,200,117
1779032377339,Load Users 1-10,GET /work random mode,200,232
1779032376904,Load Users 1-86,GET /work random mode,200,670
1779032376730,Load Users 1-68,POST /batch mixed tasks,200,845
1779032377145,Load Users 1-98,POST /batch mixed tasks,200,439
1779032377073,Load Users 1-72,POST /batch mixed tasks,200,513
1779032377341,Load Users 1-27,POST /batch mixed tasks,200,248
1779032377265,Load Users 1-83,POST /batch mixed tasks,200,325
1779032376753,Load Users 1-36,POST /batch mixed tasks,200,838
1779032377206,Load Users 1-71,GET /work random mode,200,385
1779032377427,Load Users 1-90,GET /work random mode,200,174
1779032377344,Load Users 1-4,POST /batch mixed tasks,200,258
1779032377349,Load Users 1-51,POST /batch mixed tasks,200,254
1779032377584,Load Users 1-48,GET /work random mode,200,21
1779032377205,Load Users 1-26,POST /batch mixed tasks,200,401
1779032377299,Load Users 1-35,POST /batch mixed tasks,200,309
1779032377006,Load Users 1-37,POST /batch mixed tasks,200,606
1779032377338,Load Users 1-28,GET /work random mode,200,275
1779032377281,Load Users 1-32,GET /work random mode,200,335
1779032377255,Load Users 1-42,POST /batch mixed tasks,200,383
1779032377443,Load Users 1-13,GET /work random mode,200,199
1779032377365,Load Users 1-80,GET /work random mode,200,279
1779032377637,Load Users 1-27,GET /work random mode,200,9
1779032377467,Load Users 1-65,GET /work random mode,200,179
1779032377637,Load Users 1-97,GET /work random mode,200,14
1779032376858,Load Users 1-45,GET /work random mode,200,795
1779032377646,Load Users 1-50,GET /work random mode,200,12
1779032377646,Load Users 1-71,GET /work random mode,200,18
1779032377237,Load Users 1-30,POST /batch mixed tasks,200,438
1779032377301,Load Users 1-85,POST /batch mixed tasks,200,376
1779032377574,Load Users 1-99,POST /batch mixed tasks,200,116
1779032377160,Load Users 1-25,POST /batch mixed tasks,200,537
1779032377427,Load Users 1-46,POST /batch mixed tasks,200,272
1779032376830,Load Users 1-67,POST /batch mixed tasks,200,872
1779032377520,Load Users 1-17,POST /batch mixed tasks,200,188
1779032377087,Load Users 1-66,POST /batch mixed tasks,200,622
1779032377527,Load Users 1-62,GET /work random mode,200,184
1779032377067,Load Users 1-73,POST /batch mixed tasks,200,645
1779032377164,Load Users 1-64,GET /work random mode,200,550
1779032377301,Load Users 1-59,GET /work random mode,200,416
1779032377185,Load Users 1-31,GET /work random mode,200,534
1779032377708,Load Users 1-30,GET /work random mode,200,14
1779032377606,Load Users 1-10,GET /work random mode,200,133
1779032377688,Load Users 1-35,GET /work random mode,200,54
1779032377297,Load Users 1-53,GET /work random mode,200,445
1779032377427,Load Users 1-22,POST /batch mixed tasks,200,324
1779032377724,Load Users 1-13,GET /work random mode,200,34
1779032377279,Load Users 1-88,POST /batch mixed tasks,200,483
1779032377170,Load Users 1-33,POST /batch mixed tasks,200,596
1779032377246,Load Users 1-12,POST /batch mixed tasks,200,529
1779032377102,Load Users 1-2,POST /batch mixed tasks,200,675
1779032377551,Load Users 1-89,POST /batch mixed tasks,200,231
1779032377716,Load Users 1-48,POST /batch mixed tasks,200,66
1779032377519,Load Users 1-95,POST /batch mixed tasks,200,271
1779032377106,Load Users 1-78,POST /batch mixed tasks,200,693
1779032377488,Load Users 1-57,POST /batch mixed tasks,200,326
1779032377442,Load Users 1-52,POST /batch mixed tasks,200,372
1779032377617,Load Users 1-41,POST /batch mixed tasks,200,205
1779032377573,Load Users 1-34,POST /batch mixed tasks,200,251
1779032377780,Load Users 1-30,GET /work random mode,200,45
1779032377683,Load Users 1-58,GET /work random mode,200,144
1779032377594,Load Users 1-49,POST /batch mixed tasks,200,238
1779032377632,Load Users 1-3,POST /batch mixed tasks,200,205
1779032377573,Load Users 1-6,POST /batch mixed tasks,200,277
1779032377696,Load Users 1-71,GET /work random mode,200,158
1779032377743,Load Users 1-45,GET /work random mode,200,111
1779032377636,Load Users 1-72,POST /batch mixed tasks,200,219
1779032377128,Load Users 1-7,POST /batch mixed tasks,200,732
1779032377530,Load Users 1-14,GET /work random mode,200,332
1779032377057,Load Users 1-69,POST /batch mixed tasks,200,805
1779032377548,Load Users 1-15,POST /batch mixed tasks,200,315
1779032377636,Load Users 1-76,POST /batch mixed tasks,200,229
1779032377876,Load Users 1-52,GET /work random mode,200,11
1779032377856,Load Users 1-13,GET /work random mode,200,35
1779032376835,Load Users 1-81,POST /batch mixed tasks,200,1065
1779032377744,Load Users 1-27,POST /batch mixed tasks,200,166
1779032377478,Load Users 1-21,POST /batch mixed tasks,200,440
1779032377394,Load Users 1-60,POST /batch mixed tasks,200,527
1779032377835,Load Users 1-73,POST /batch mixed tasks,200,88
1779032377712,Load Users 1-51,POST /batch mixed tasks,200,213
1779032377633,Load Users 1-68,POST /batch mixed tasks,200,300
1779032377323,Load Users 1-63,POST /batch mixed tasks,200,611
1779032377490,Load Users 1-93,POST /batch mixed tasks,200,446
1779032377554,Load Users 1-84,POST /batch mixed tasks,200,382
1779032377614,Load Users 1-5,POST /batch mixed tasks,200,322
1779032377650,Load Users 1-90,GET /work random mode,200,291
1779032377499,Load Users 1-39,GET /work random mode,200,444
1779032377387,Load Users 1-87,POST /batch mixed tasks,200,557
1779032377685,Load Users 1-36,GET /work random mode,200,259
1779032377417,Load Users 1-91,POST /batch mixed tasks,200,531
1779032377793,Load Users 1-66,GET /work random mode,200,155
1779032377912,Load Users 1-49,GET /work random mode,200,50
1779032377520,Load Users 1-8,POST /batch mixed tasks,200,444
1779032377844,Load Users 1-35,GET /work random mode,200,122
1779032377938,Load Users 1-30,GET /work random mode,200,29
1779032377575,Load Users 1-70,POST /batch mixed tasks,200,393
1779032377809,Load Users 1-53,POST /batch mixed tasks,200,160
1779032377240,Load Users 1-96,POST /batch mixed tasks,200,758
1779032377633,Load Users 1-4,POST /batch mixed tasks,200,370
1779032377524,Load Users 1-29,POST /batch mixed tasks,200,481
1779032377764,Load Users 1-31,POST /batch mixed tasks,200,257
1779032377901,Load Users 1-2,GET /work random mode,200,127
1779032376991,Load Users 1-18,GET /work random mode,200,1037
1779032377781,Load Users 1-17,POST /batch mixed tasks,200,255
1779032377460,Load Users 1-43,GET /work random mode,200,584
1779032377585,Load Users 1-11,POST /batch mixed tasks,200,462
1779032377843,Load Users 1-33,GET /work random mode,200,204
1779032377430,Load Users 1-1,POST /batch mixed tasks,200,619
1779032377989,Load Users 1-81,GET /work random mode,200,62
1779032377887,Load Users 1-3,POST /batch mixed tasks,200,165
1779032377958,Load Users 1-72,POST /batch mixed tasks,200,103
1779032377891,Load Users 1-45,POST /batch mixed tasks,200,174
1779032377535,Load Users 1-92,POST /batch mixed tasks,200,534
1779032377790,Load Users 1-65,POST /batch mixed tasks,200,280
1779032377470,Load Users 1-56,POST /batch mixed tasks,200,603
1779032377953,Load Users 1-6,POST /batch mixed tasks,200,126
1779032377651,Load Users 1-94,GET /work random mode,200,428
1779032377902,Load Users 1-12,GET /work random mode,200,180
1779032378067,Load Users 1-53,GET /work random mode,200,15
1779032377983,Load Users 1-66,GET /work random mode,200,101
1779032377285,Load Users 1-20,GET /work random mode,200,799
1779032377991,Load Users 1-36,GET /work random mode,200,102
1779032378028,Load Users 1-21,GET /work random mode,200,66
1779032377653,Load Users 1-37,POST /batch mixed tasks,200,458
1779032377773,Load Users 1-64,GET /work random mode,200,342
1779032377721,Load Users 1-32,POST /batch mixed tasks,200,394
1779032377741,Load Users 1-99,GET /work random mode,200,378
1779032377568,Load Users 1-77,GET /work random mode,200,552
1779032378005,Load Users 1-7,POST /batch mixed tasks,200,116
1779032377600,Load Users 1-19,GET /work random mode,200,528
1779032377946,Load Users 1-71,GET /work random mode,200,183
1779032377651,Load Users 1-26,POST /batch mixed tasks,200,500
1779032378025,Load Users 1-68,POST /batch mixed tasks,200,129
1779032377998,Load Users 1-69,GET /work random mode,200,158
1779032377786,Load Users 1-80,POST /batch mixed tasks,200,375
1779032377991,Load Users 1-5,POST /batch mixed tasks,200,170
1779032377515,Load Users 1-16,POST /batch mixed tasks,200,655
1779032377672,Load Users 1-55,POST /batch mixed tasks,200,504
1779032377903,Load Users 1-88,POST /batch mixed tasks,200,274
1779032378181,Load Users 1-11,GET /work random mode,200,3
1779032378017,Load Users 1-49,GET /work random mode,200,167
1779032377654,Load Users 1-28,POST /batch mixed tasks,200,532
1779032377798,Load Users 1-97,POST /batch mixed tasks,200,388
1779032378014,Load Users 1-63,GET /work random mode,200,173
1779032377475,Load Users 1-9,POST /batch mixed tasks,200,714
1779032378094,Load Users 1-33,GET /work random mode,200,96
1779032377986,Load Users 1-52,GET /work random mode,200,209
1779032377557,Load Users 1-44,POST /batch mixed tasks,200,639
1779032377717,Load Users 1-98,GET /work random mode,200,483
1779032377981,Load Users 1-73,POST /batch mixed tasks,200,227
1779032377709,Load Users 1-83,POST /batch mixed tasks,200,505
1779032378133,Load Users 1-3,GET /work random mode,200,83
1779032377783,Load Users 1-62,GET /work random mode,200,433
1779032377977,Load Users 1-13,POST /batch mixed tasks,200,241
1779032378016,Load Users 1-84,GET /work random mode,200,209
1779032377219,Load Users 1-74,POST /batch mixed tasks,200,1007
1779032378126,Load Users 1-43,POST /batch mixed tasks,200,108
1779032377771,Load Users 1-42,GET /work random mode,200,469
1779032378173,Load Users 1-1,POST /batch mixed tasks,200,81
1779032378181,Load Users 1-81,POST /batch mixed tasks,200,79
1779032378004,Load Users 1-91,POST /batch mixed tasks,200,258
1779032378242,Load Users 1-71,GET /work random mode,200,20
1779032377884,Load Users 1-22,GET /work random mode,200,379
1779032378232,Load Users 1-36,GET /work random mode,200,31
1779032378245,Load Users 1-64,GET /work random mode,200,18
1779032377832,Load Users 1-95,GET /work random mode,200,431
1779032378038,Load Users 1-4,GET /work random mode,200,227
1779032378242,Load Users 1-33,GET /work random mode,200,23
1779032378267,Load Users 1-49,GET /work random mode,200,1
1779032377772,Load Users 1-25,POST /batch mixed tasks,200,498
1779032377411,Load Users 1-23,POST /batch mixed tasks,200,861
1779032377650,Load Users 1-86,POST /batch mixed tasks,200,628
1779032378263,Load Users 1-84,GET /work random mode,200,19
1779032378291,Load Users 1-3,GET /work random mode,200,3
1779032377518,Load Users 1-79,GET /work random mode,200,776
1779032377568,Load Users 1-82,POST /batch mixed tasks,200,732
1779032378273,Load Users 1-80,GET /work random mode,200,30
1779032378000,Load Users 1-76,POST /batch mixed tasks,200,305
1779032377340,Load Users 1-75,GET /work random mode,200,966
1779032378205,Load Users 1-32,GET /work random mode,200,106
1779032378270,Load Users 1-88,GET /work random mode,200,48
1779032378267,Load Users 1-83,GET /work random mode,200,52
1779032378248,Load Users 1-98,GET /work random mode,200,74
1779032378300,Load Users 1-55,GET /work random mode,200,50
1779032377853,Load Users 1-78,GET /work random mode,200,502
1779032377099,Load Users 1-38,POST /batch mixed tasks,200,1258
1779032378179,Load Users 1-65,GET /work random mode,200,181
1779032378273,Load Users 1-68,POST /batch mixed tasks,200,88
1779032377806,Load Users 1-59,POST /batch mixed tasks,200,561
1779032378175,Load Users 1-45,GET /work random mode,200,200
1779032377787,Load Users 1-50,POST /batch mixed tasks,200,588
1779032378349,Load Users 1-25,GET /work random mode,200,28
1779032378049,Load Users 1-60,GET /work random mode,200,330
1779032378285,Load Users 1-62,GET /work random mode,200,95
1779032378209,Load Users 1-94,GET /work random mode,200,174
1779032377815,Load Users 1-10,POST /batch mixed tasks,200,573
1779032378075,Load Users 1-29,GET /work random mode,200,322
1779032378096,Load Users 1-17,GET /work random mode,200,307
1779032378223,Load Users 1-63,POST /batch mixed tasks,200,186
1779032378210,Load Users 1-99,POST /batch mixed tasks,200,199
1779032378052,Load Users 1-8,GET /work random mode,200,360
1779032378000,Load Users 1-90,POST /batch mixed tasks,200,415
1779032378059,Load Users 1-2,POST /batch mixed tasks,200,358
1779032377786,Load Users 1-85,POST /batch mixed tasks,200,631
1779032377743,Load Users 1-67,POST /batch mixed tasks,200,675
1779032378103,Load Users 1-96,GET /work random mode,200,319
1779032377814,Load Users 1-89,POST /batch mixed tasks,200,612
1779032378108,Load Users 1-31,POST /batch mixed tasks,200,321
1779032378239,Load Users 1-77,POST /batch mixed tasks,200,193
1779032378328,Load Users 1-11,GET /work random mode,200,105
1779032378076,Load Users 1-30,POST /batch mixed tasks,200,359
1779032377174,Load Users 1-54,GET /work random mode,200,1265
1779032378327,Load Users 1-79,GET /work random mode,200,113
1779032377840,Load Users 1-48,GET /work random mode,200,604
1779032378305,Load Users 1-49,GET /work random mode,200,143
1779032378204,Load Users 1-37,GET /work random mode,200,244
1779032378158,Load Users 1-72,POST /batch mixed tasks,200,298
1779032378398,Load Users 1-32,GET /work random mode,200,60
1779032378417,Load Users 1-83,GET /work random mode,200,41
1779032378306,Load Users 1-5,POST /batch mixed tasks,200,154
1779032377363,Load Users 1-61,GET /work random mode,200,1099
1779032378128,Load Users 1-12,POST /batch mixed tasks,200,337
1779032377347,Load Users 1-100,GET /work random mode,200,1119
1779032378092,Load Users 1-39,POST /batch mixed tasks,200,378
1779032378392,Load Users 1-82,POST /batch mixed tasks,200,84
1779032377893,Load Users 1-34,POST /batch mixed tasks,200,587
1779032377895,Load Users 1-58,GET /work random mode,200,592
1779032378396,Load Users 1-22,GET /work random mode,200,96
1779032378492,Load Users 1-37,GET /work random mode,200,4
1779032378178,Load Users 1-92,POST /batch mixed tasks,200,328
1779032378194,Load Users 1-21,POST /batch mixed tasks,200,313
1779032378146,Load Users 1-66,POST /batch mixed tasks,200,361
1779032378402,Load Users 1-33,POST /batch mixed tasks,200,126
1779032378423,Load Users 1-84,GET /work random mode,200,107
1779032378320,Load Users 1-95,POST /batch mixed tasks,200,214
1779032378538,Load Users 1-29,GET /work random mode,200,5
1779032378517,Load Users 1-48,GET /work random mode,200,39
1779032378500,Load Users 1-11,GET /work random mode,200,56
1779032378508,Load Users 1-89,GET /work random mode,200,49
1779032378453,Load Users 1-90,POST /batch mixed tasks,200,127
1779032377554,Load Users 1-24,POST /batch mixed tasks,200,1026
1779032378324,Load Users 1-4,GET /work random mode,200,260
1779032378050,Load Users 1-51,POST /batch mixed tasks,200,541
1779032378342,Load Users 1-91,POST /batch mixed tasks,200,251
1779032378388,Load Users 1-36,POST /batch mixed tasks,200,210
1779032378568,Load Users 1-79,GET /work random mode,200,37
1779032377680,Load Users 1-47,POST /batch mixed tasks,200,925
1779032377895,Load Users 1-57,POST /batch mixed tasks,200,713
1779032378219,Load Users 1-97,POST /batch mixed tasks,200,389
1779032378325,Load Users 1-13,GET /work random mode,200,286
1779032378484,Load Users 1-10,POST /batch mixed tasks,200,132
1779032378043,Load Users 1-93,POST /batch mixed tasks,200,573
1779032378305,Load Users 1-1,GET /work random mode,200,312
1779032377951,Load Users 1-14,POST /batch mixed tasks,200,667
1779032378260,Load Users 1-26,GET /work random mode,200,358
1779032378528,Load Users 1-22,GET /work random mode,200,94
1779032378550,Load Users 1-96,POST /batch mixed tasks,200,74
1779032378371,Load Users 1-81,POST /batch mixed tasks,200,257
1779032378187,Load Users 1-53,GET /work random mode,200,450
1779032378202,Load Users 1-56,GET /work random mode,200,442
1779032378517,Load Users 1-45,POST /batch mixed tasks,200,133
1779032378094,Load Users 1-35,POST /batch mixed tasks,200,560
1779032378549,Load Users 1-5,POST /batch mixed tasks,200,106
1779032378226,Load Users 1-28,POST /batch mixed tasks,200,432
1779032378661,Load Users 1-13,GET /work random mode,200,3
1779032378330,Load Users 1-44,POST /batch mixed tasks,200,345
1779032377476,Load Users 1-40,POST /batch mixed tasks,200,1199
1779032378638,Load Users 1-21,GET /work random mode,200,38
1779032378657,Load Users 1-33,GET /work random mode,200,29
1779032378470,Load Users 1-38,GET /work random mode,200,223
1779032378448,Load Users 1-94,GET /work random mode,200,254
1779032378678,Load Users 1-93,GET /work random mode,200,26
1779032378476,Load Users 1-62,GET /work random mode,200,228
1779032378560,Load Users 1-30,GET /work random mode,200,150
1779032378012,Load Users 1-27,GET /work random mode,200,702
1779032378429,Load Users 1-80,POST /batch mixed tasks,200,291
1779032378326,Load Users 1-9,GET /work random mode,200,395
1779032377883,Load Users 1-41,POST /batch mixed tasks,200,861
1779032378541,Load Users 1-92,POST /batch mixed tasks,200,204
1779032377827,Load Users 1-46,POST /batch mixed tasks,200,918
1779032378540,Load Users 1-58,POST /batch mixed tasks,200,206
1779032378623,Load Users 1-37,GET /work random mode,200,125
1779032378661,Load Users 1-57,GET /work random mode,200,88
1779032378339,Load Users 1-64,GET /work random mode,200,412
1779032378670,Load Users 1-4,GET /work random mode,200,81
1779032378402,Load Users 1-68,GET /work random mode,200,356
1779032378454,Load Users 1-85,POST /batch mixed tasks,200,315
1779032378345,Load Users 1-52,GET /work random mode,200,430
1779032378379,Load Users 1-98,POST /batch mixed tasks,200,405
1779032378460,Load Users 1-65,POST /batch mixed tasks,200,328
1779032378780,Load Users 1-21,GET /work random mode,200,19
1779032378183,Load Users 1-6,POST /batch mixed tasks,200,620
1779032378425,Load Users 1-50,POST /batch mixed tasks,200,379
1779032378345,Load Users 1-74,POST /batch mixed tasks,200,474
1779032378407,Load Users 1-71,POST /batch mixed tasks,200,415
1779032378365,Load Users 1-43,POST /batch mixed tasks,200,458
1779032378672,Load Users 1-84,POST /batch mixed tasks,200,153
1779032378728,Load Users 1-96,POST /batch mixed tasks,200,102
1779032378489,Load Users 1-32,GET /work random mode,200,348
1779032378730,Load Users 1-51,GET /work random mode,200,108
1779032378592,Load Users 1-61,POST /batch mixed tasks,200,246
1779032378799,Load Users 1-28,GET /work random mode,200,41
1779032378704,Load Users 1-22,POST /batch mixed tasks,200,137
1779032378833,Load Users 1-46,GET /work random mode,200,15
1779032378317,Load Users 1-16,GET /work random mode,200,532
1779032378706,Load Users 1-44,GET /work random mode,200,148
1779032378367,Load Users 1-23,POST /batch mixed tasks,200,487
1779032378795,Load Users 1-41,POST /batch mixed tasks,200,64
1779032378723,Load Users 1-53,GET /work random mode,200,136
1779032378549,Load Users 1-83,GET /work random mode,200,313
1779032378335,Load Users 1-3,POST /batch mixed tasks,200,540
1779032378692,Load Users 1-79,POST /batch mixed tasks,200,184
1779032378814,Load Users 1-85,GET /work random mode,200,66
1779032378315,Load Users 1-86,POST /batch mixed tasks,200,567
1779032378454,Load Users 1-76,POST /batch mixed tasks,200,433
1779032378769,Load Users 1-33,POST /batch mixed tasks,200,121
1779032378546,Load Users 1-31,GET /work random mode,200,345
1779032378838,Load Users 1-52,GET /work random mode,200,57
1779032378559,Load Users 1-67,POST /batch mixed tasks,200,337
1779032378824,Load Users 1-64,GET /work random mode,200,75
1779032378747,Load Users 1-35,GET /work random mode,200,154
1779032378624,Load Users 1-90,GET /work random mode,200,300
1779032378475,Load Users 1-59,GET /work random mode,200,456
1779032378891,Load Users 1-53,GET /work random mode,200,49
1779032378706,Load Users 1-36,POST /batch mixed tasks,200,236
1779032378431,Load Users 1-25,GET /work random mode,200,513
1779032378743,Load Users 1-10,POST /batch mixed tasks,200,203
1779032378760,Load Users 1-81,POST /batch mixed tasks,200,191
1779032378795,Load Users 1-30,GET /work random mode,200,160
1779032378759,Load Users 1-62,POST /batch mixed tasks,200,202
1779032378956,Load Users 1-71,GET /work random mode,200,9
1779032378568,Load Users 1-54,GET /work random mode,200,399
1779032378620,Load Users 1-24,GET /work random mode,200,348
1779032378833,Load Users 1-65,POST /batch mixed tasks,200,139
1779032377973,Load Users 1-15,POST /batch mixed tasks,200,1004
1779032378270,Load Users 1-73,POST /batch mixed tasks,200,719
1779032378866,Load Users 1-98,GET /work random mode,200,124
1779032378983,Load Users 1-25,GET /work random mode,200,10
1779032378926,Load Users 1-41,GET /work random mode,200,74
1779032378996,Load Users 1-35,GET /work random mode,200,15
1779032378779,Load Users 1-57,POST /batch mixed tasks,200,232
1779032378513,Load Users 1-49,POST /batch mixed tasks,200,503
1779032378547,Load Users 1-66,POST /batch mixed tasks,200,473
1779032378362,Load Users 1-42,GET /work random mode,200,659
1779032378883,Load Users 1-84,GET /work random mode,200,139
1779032378944,Load Users 1-67,GET /work random mode,200,91
1779032378747,Load Users 1-47,POST /batch mixed tasks,200,299
1779032379026,Load Users 1-71,GET /work random mode,200,21
1779032378683,Load Users 1-1,POST /batch mixed tasks,200,365
1779032378208,Load Users 1-7,GET /work random mode,200,845
1779032378929,Load Users 1-79,POST /batch mixed tasks,200,129
1779032378878,Load Users 1-61,GET /work random mode,200,182
1779032378874,Load Users 1-74,POST /batch mixed tasks,200,187
1779032378955,Load Users 1-46,GET /work random mode,200,107
1779032378978,Load Users 1-51,POST /batch mixed tasks,200,85
1779032378595,Load Users 1-82,GET /work random mode,200,471
1779032378521,Load Users 1-100,GET /work random mode,200,548
1779032378959,Load Users 1-85,GET /work random mode,200,127
1779032378441,Load Users 1-88,GET /work random mode,200,652
1779032378523,Load Users 1-99,GET /work random mode,200,580
1779032379087,Load Users 1-53,GET /work random mode,200,18
1779032379072,Load Users 1-84,GET /work random mode,200,42
1779032378492,Load Users 1-8,GET /work random mode,200,632
1779032378898,Load Users 1-68,POST /batch mixed tasks,200,226
1779032378230,Load Users 1-20,POST /batch mixed tasks,200,903
1779032378870,Load Users 1-50,POST /batch mixed tasks,200,273
1779032379051,Load Users 1-65,POST /batch mixed tasks,200,92
1779032379133,Load Users 1-35,GET /work random mode,200,12
1779032379138,Load Users 1-79,GET /work random mode,200,11
1779032379097,Load Users 1-24,GET /work random mode,200,58
1779032378164,Load Users 1-18,GET /work random mode,200,998
1779032378084,Load Users 1-87,POST /batch mixed tasks,200,1085
1779032379151,Load Users 1-100,GET /work random mode,200,22
1779032378940,Load Users 1-6,POST /batch mixed tasks,200,238
1779032378193,Load Users 1-69,POST /batch mixed tasks,200,985
1779032378653,Load Users 1-97,POST /batch mixed tasks,200,529
1779032378939,Load Users 1-96,POST /batch mixed tasks,200,248
1779032378824,Load Users 1-38,GET /work random mode,200,365
1779032378741,Load Users 1-13,POST /batch mixed tasks,200,451
1779032379049,Load Users 1-57,POST /batch mixed tasks,200,144
1779032378789,Load Users 1-9,POST /batch mixed tasks,200,406
1779032379183,Load Users 1-1,GET /work random mode,200,13
1779032379187,Load Users 1-84,GET /work random mode,200,11
1779032378499,Load Users 1-78,POST /batch mixed tasks,200,701
1779032379092,Load Users 1-7,GET /work random mode,200,109
1779032379006,Load Users 1-62,GET /work random mode,200,196
1779032378497,Load Users 1-12,POST /batch mixed tasks,200,710
1779032379087,Load Users 1-15,POST /batch mixed tasks,200,122
1779032378765,Load Users 1-45,POST /batch mixed tasks,200,452
1779032379198,Load Users 1-20,GET /work random mode,200,19
1779032379186,Load Users 1-65,GET /work random mode,200,32
1779032378579,Load Users 1-95,POST /batch mixed tasks,200,640
1779032378948,Load Users 1-22,POST /batch mixed tasks,200,274
1779032379002,Load Users 1-3,POST /batch mixed tasks,200,221
1779032379155,Load Users 1-53,GET /work random mode,200,70
1779032378569,Load Users 1-77,POST /batch mixed tasks,200,657
1779032379221,Load Users 1-6,GET /work random mode,200,8
1779032378843,Load Users 1-94,POST /batch mixed tasks,200,391
1779032378475,Load Users 1-63,POST /batch mixed tasks,200,766
1779032378459,Load Users 1-55,POST /batch mixed tasks,200,784
1779032379113,Load Users 1-46,POST /batch mixed tasks,200,132
1779032378512,Load Users 1-60,POST /batch mixed tasks,200,736
1779032379246,Load Users 1-79,GET /work random mode,200,7
1779032378788,Load Users 1-93,POST /batch mixed tasks,200,470
1779032379112,Load Users 1-41,GET /work random mode,200,147
1779032379234,Load Users 1-100,GET /work random mode,200,29
1779032379259,Load Users 1-35,GET /work random mode,200,11
1779032378820,Load Users 1-92,POST /batch mixed tasks,200,452
1779032379024,Load Users 1-54,POST /batch mixed tasks,200,251
1779032379264,Load Users 1-97,GET /work random mode,200,11
1779032379183,Load Users 1-71,GET /work random mode,200,94
1779032378532,Load Users 1-2,POST /batch mixed tasks,200,750
1779032378871,Load Users 1-37,GET /work random mode,200,417
1779032379296,Load Users 1-3,GET /work random mode,200,15
1779032379306,Load Users 1-77,GET /work random mode,200,8
1779032379299,Load Users 1-69,GET /work random mode,200,17
1779032378444,Load Users 1-17,GET /work random mode,200,874
1779032378940,Load Users 1-21,POST /batch mixed tasks,200,378
1779032379012,Load Users 1-59,POST /batch mixed tasks,200,308
1779032378997,Load Users 1-44,GET /work random mode,200,325
1779032379155,Load Users 1-42,POST /batch mixed tasks,200,168
1779032378899,Load Users 1-4,GET /work random mode,200,426
1779032379078,Load Users 1-81,POST /batch mixed tasks,200,248
1779032378923,Load Users 1-28,POST /batch mixed tasks,200,404
1779032378229,Load Users 1-19,GET /work random mode,200,1105
1779032379281,Load Users 1-94,GET /work random mode,200,54
1779032378098,Load Users 1-70,POST /batch mixed tasks,200,1237
1779032378994,Load Users 1-83,POST /batch mixed tasks,200,343
1779032378631,Load Users 1-29,POST /batch mixed tasks,200,706
1779032378592,Load Users 1-34,POST /batch mixed tasks,200,746
1779032379107,Load Users 1-47,POST /batch mixed tasks,200,237
1779032378924,Load Users 1-43,POST /batch mixed tasks,200,420
1779032379257,Load Users 1-87,POST /batch mixed tasks,200,100
1779032379152,Load Users 1-85,POST /batch mixed tasks,200,206
1779032379119,Load Users 1-25,POST /batch mixed tasks,200,241
1779032379352,Load Users 1-3,GET /work random mode,200,11
1779032379283,Load Users 1-84,GET /work random mode,200,87
1779032378692,Load Users 1-14,GET /work random mode,200,681
1779032379021,Load Users 1-86,GET /work random mode,200,352
1779032379368,Load Users 1-53,GET /work random mode,200,6
1779032379358,Load Users 1-93,GET /work random mode,200,18
1779032379375,Load Users 1-46,GET /work random mode,200,11
1779032378923,Load Users 1-32,POST /batch mixed tasks,200,467
1779032378842,Load Users 1-80,POST /batch mixed tasks,200,550
1779032379337,Load Users 1-45,GET /work random mode,200,55
1779032378682,Load Users 1-11,POST /batch mixed tasks,200,712
1779032379257,Load Users 1-1,GET /work random mode,200,140
1779032379048,Load Users 1-30,GET /work random mode,200,356
1779032379361,Load Users 1-44,GET /work random mode,200,50
1779032379411,Load Users 1-59,GET /work random mode,200,2
1779032378997,Load Users 1-16,POST /batch mixed tasks,200,417
1779032379311,Load Users 1-95,GET /work random mode,200,103
1779032378746,Load Users 1-40,POST /batch mixed tasks,200,671
1779032379338,Load Users 1-97,POST /batch mixed tasks,200,84
1779032379382,Load Users 1-43,GET /work random mode,200,41
1779032379411,Load Users 1-54,GET /work random mode,200,13
1779032379218,Load Users 1-24,POST /batch mixed tasks,200,209
1779032379257,Load Users 1-12,POST /batch mixed tasks,200,171
1779032378994,Load Users 1-64,POST /batch mixed tasks,200,434
1779032379340,Load Users 1-41,GET /work random mode,200,90
1779032379401,Load Users 1-2,GET /work random mode,200,31
1779032379021,Load Users 1-33,POST /batch mixed tasks,200,425
1779032378968,Load Users 1-23,POST /batch mixed tasks,200,491
1779032379242,Load Users 1-7,POST /batch mixed tasks,200,224
1779032378371,Load Users 1-75,POST /batch mixed tasks,200,1097
1779032379084,Load Users 1-36,POST /batch mixed tasks,200,394
1779032379463,Load Users 1-44,GET /work random mode,200,15
1779032379408,Load Users 1-47,POST /batch mixed tasks,200,74
1779032379478,Load Users 1-19,GET /work random mode,200,4
1779032378600,Load Users 1-39,GET /work random mode,200,884
1779032379366,Load Users 1-92,GET /work random mode,200,127
1779032379414,Load Users 1-83,POST /batch mixed tasks,200,91
1779032379492,Load Users 1-14,GET /work random mode,200,22
1779032379434,Load Users 1-37,POST /batch mixed tasks,200,82
1779032379415,Load Users 1-84,GET /work random mode,200,107
1779032379337,Load Users 1-71,POST /batch mixed tasks,200,185
1779032378654,Load Users 1-26,POST /batch mixed tasks,200,869
1779032379046,Load Users 1-49,POST /batch mixed tasks,200,486
1779032379018,Load Users 1-52,POST /batch mixed tasks,200,520
1779032379052,Load Users 1-66,POST /batch mixed tasks,200,487
1779032379291,Load Users 1-79,POST /batch mixed tasks,200,248
1779032379263,Load Users 1-18,POST /batch mixed tasks,200,277
1779032378785,Load Users 1-5,POST /batch mixed tasks,200,759
1779032379154,Load Users 1-99,POST /batch mixed tasks,200,391
1779032379455,Load Users 1-81,GET /work random mode,200,90
1779032379318,Load Users 1-78,GET /work random mode,200,235
1779032379248,Load Users 1-50,POST /batch mixed tasks,200,308
1779032379109,Load Users 1-51,POST /batch mixed tasks,200,450
1779032379240,Load Users 1-9,GET /work random mode,200,323
1779032379554,Load Users 1-16,GET /work random mode,200,11
1779032379266,Load Users 1-22,POST /batch mixed tasks,200,301
1779032378615,Load Users 1-89,GET /work random mode,200,965
1779032379567,Load Users 1-24,GET /work random mode,200,19
1779032379473,Load Users 1-85,POST /batch mixed tasks,200,113
1779032379097,Load Users 1-61,POST /batch mixed tasks,200,494
1779032379326,Load Users 1-65,GET /work random mode,200,265
1779032378747,Load Users 1-27,POST /batch mixed tasks,200,847
1779032379406,Load Users 1-17,POST /batch mixed tasks,200,198
1779032379332,Load Users 1-13,GET /work random mode,200,276
1779032379433,Load Users 1-77,POST /batch mixed tasks,200,181
1779032379501,Load Users 1-53,GET /work random mode,200,116
1779032378777,Load Users 1-56,POST /batch mixed tasks,200,841
1779032379528,Load Users 1-36,GET /work random mode,200,104
1779032379520,Load Users 1-43,POST /batch mixed tasks,200,114
1779032378679,Load Users 1-91,POST /batch mixed tasks,200,962
1779032379621,Load Users 1-9,GET /work random mode,200,26
1779032379142,Load Users 1-82,POST /batch mixed tasks,200,515
1779032379416,Load Users 1-69,POST /batch mixed tasks,200,243
1779032379452,Load Users 1-97,GET /work random mode,200,210
1779032379378,Load Users 1-42,GET /work random mode,200,289
1779032379682,Load Users 1-16,GET /work random mode,200,2
1779032379625,Load Users 1-37,POST /batch mixed tasks,200,60
1779032379263,Load Users 1-38,POST /batch mixed tasks,200,427
1779032379252,Load Users 1-20,POST /batch mixed tasks,200,440
1779032379452,Load Users 1-1,POST /batch mixed tasks,200,248
1779032379432,Load Users 1-21,POST /batch mixed tasks,200,275
1779032378962,Load Users 1-76,GET /work random mode,200,747
1779032378522,Load Users 1-72,POST /batch mixed tasks,200,1192
1779032379703,Load Users 1-43,GET /work random mode,200,18
1779032379097,Load Users 1-98,POST /batch mixed tasks,200,631
1779032378976,Load Users 1-90,POST /batch mixed tasks,200,754
1779032379192,Load Users 1-68,POST /batch mixed tasks,200,542
1779032379440,Load Users 1-45,GET /work random mode,200,295
1779032379612,Load Users 1-81,GET /work random mode,200,133
1779032379289,Load Users 1-60,POST /batch mixed tasks,200,464
1779032379599,Load Users 1-71,GET /work random mode,200,156
1779032379603,Load Users 1-39,POST /batch mixed tasks,200,155
1779032379466,Load Users 1-94,POST /batch mixed tasks,200,300
1779032379462,Load Users 1-28,POST /batch mixed tasks,200,311
1779032379495,Load Users 1-33,POST /batch mixed tasks,200,284
1779032379537,Load Users 1-41,POST /batch mixed tasks,200,246
1779032379577,Load Users 1-99,GET /work random mode,200,207
1779032379460,Load Users 1-95,POST /batch mixed tasks,200,326
1779032379550,Load Users 1-92,POST /batch mixed tasks,200,240
1779032379533,Load Users 1-32,POST /batch mixed tasks,200,258
1779032379535,Load Users 1-47,POST /batch mixed tasks,200,257
1779032379331,Load Users 1-55,GET /work random mode,200,467
1779032379351,Load Users 1-63,GET /work random mode,200,452
1779032379252,Load Users 1-8,POST /batch mixed tasks,200,553
1779032379780,Load Users 1-45,GET /work random mode,200,35
1779032379725,Load Users 1-24,GET /work random mode,200,92
1779032379730,Load Users 1-38,POST /batch mixed tasks,200,87
1779032378676,Load Users 1-48,POST /batch mixed tasks,200,1148
1779032379682,Load Users 1-51,POST /batch mixed tasks,200,153
1779032379546,Load Users 1-44,POST /batch mixed tasks,200,290
1779032379751,Load Users 1-77,GET /work random mode,200,87
1779032379781,Load Users 1-82,GET /work random mode,200,60
1779032379454,Load Users 1-70,POST /batch mixed tasks,200,389
1779032379523,Load Users 1-40,GET /work random mode,200,323
1779032379825,Load Users 1-68,GET /work random mode,200,23
1779032379083,Load Users 1-73,POST /batch mixed tasks,200,773
1779032379405,Load Users 1-25,GET /work random mode,200,462
1779032379009,Load Users 1-31,POST /batch mixed tasks,200,860
1779032379648,Load Users 1-83,POST /batch mixed tasks,200,235
1779032379856,Load Users 1-33,GET /work random mode,200,27
1779032379622,Load Users 1-18,POST /batch mixed tasks,200,261
1779032379885,Load Users 1-38,GET /work random mode,200,5
1779032379791,Load Users 1-39,POST /batch mixed tasks,200,113
1779032379766,Load Users 1-20,GET /work random mode,200,141
1779032379739,Load Users 1-97,POST /batch mixed tasks,200,168
1779032379454,Load Users 1-3,POST /batch mixed tasks,200,454
1779032378822,Load Users 1-58,POST /batch mixed tasks,200,1089
1779032379731,Load Users 1-17,POST /batch mixed tasks,200,184
1779032379811,Load Users 1-42,GET /work random mode,200,108
1779032379170,Load Users 1-74,POST /batch mixed tasks,200,752
1779032379863,Load Users 1-60,POST /batch mixed tasks,200,60
1779032379021,Load Users 1-10,GET /work random mode,200,903
1779032379622,Load Users 1-84,POST /batch mixed tasks,200,316
1779032379750,Load Users 1-16,POST /batch mixed tasks,200,193
1779032379830,Load Users 1-99,GET /work random mode,200,120
1779032379531,Load Users 1-19,GET /work random mode,200,419
1779032379387,Load Users 1-35,GET /work random mode,200,568
1779032379513,Load Users 1-12,POST /batch mixed tasks,200,445
1779032379891,Load Users 1-81,GET /work random mode,200,67
1779032379647,Load Users 1-50,POST /batch mixed tasks,200,313
1779032379438,Load Users 1-46,GET /work random mode,200,523
1779032379824,Load Users 1-95,GET /work random mode,200,139
1779032379609,Load Users 1-7,POST /batch mixed tasks,200,358
1779032379833,Load Users 1-21,GET /work random mode,200,143
1779032379451,Load Users 1-4,POST /batch mixed tasks,200,527
1779032379926,Load Users 1-51,GET /work random mode,200,57
1779032379330,Load Users 1-62,POST /batch mixed tasks,200,654
1779032379729,Load Users 1-9,POST /batch mixed tasks,200,267
1779032379654,Load Users 1-49,POST /batch mixed tasks,200,342
1779032379138,Load Users 1-88,POST /batch mixed tasks,200,860
1779032379995,Load Users 1-83,GET /work random mode,200,12
1779032379798,Load Users 1-90,GET /work random mode,200,209
1779032380004,Load Users 1-20,GET /work random mode,200,4
1779032379696,Load Users 1-91,POST /batch mixed tasks,200,322
1779032379520,Load Users 1-86,POST /batch mixed tasks,200,500
1779032379558,Load Users 1-75,POST /batch mixed tasks,200,465
1779032379852,Load Users 1-8,GET /work random mode,200,173
1779032379329,Load Users 1-6,GET /work random mode,200,697
1779032379631,Load Users 1-14,POST /batch mixed tasks,200,398
1779032379929,Load Users 1-47,GET /work random mode,200,102
1779032379459,Load Users 1-34,POST /batch mixed tasks,200,577
1779032379902,Load Users 1-44,GET /work random mode,200,139
1779032379783,Load Users 1-98,GET /work random mode,200,260
1779032380041,Load Users 1-9,GET /work random mode,200,3
1779032379667,Load Users 1-89,GET /work random mode,200,380
1779032379443,Load Users 1-87,GET /work random mode,200,609
1779032379967,Load Users 1-68,POST /batch mixed tasks,200,89
1779032379572,Load Users 1-64,POST /batch mixed tasks,200,490
1779032379999,Load Users 1-84,GET /work random mode,200,64
1779032379458,Load Users 1-80,GET /work random mode,200,606
1779032379313,Load Users 1-15,POST /batch mixed tasks,200,758
1779032379909,Load Users 1-41,POST /batch mixed tasks,200,166
1779032380047,Load Users 1-10,GET /work random mode,200,29
1779032379648,Load Users 1-5,POST /batch mixed tasks,200,439
1779032379393,Load Users 1-100,GET /work random mode,200,699
1779032379580,Load Users 1-2,POST /batch mixed tasks,200,514
1779032380014,Load Users 1-60,GET /work random mode,200,86
1779032379524,Load Users 1-11,POST /batch mixed tasks,200,577
1779032379494,Load Users 1-23,GET /work random mode,200,609
1779032379921,Load Users 1-77,POST /batch mixed tasks,200,184
1779032379670,Load Users 1-56,GET /work random mode,200,439
1779032380022,Load Users 1-50,GET /work random mode,200,87
1779032379765,Load Users 1-76,POST /batch mixed tasks,200,346
1779032379804,Load Users 1-37,GET /work random mode,200,310
1779032379988,Load Users 1-70,POST /batch mixed tasks,200,127
1779032380073,Load Users 1-44,GET /work random mode,200,42
1779032379913,Load Users 1-32,GET /work random mode,200,208
1779032379719,Load Users 1-65,POST /batch mixed tasks,200,411
1779032379946,Load Users 1-33,GET /work random mode,200,186
1779032379853,Load Users 1-43,GET /work random mode,200,286
1779032380113,Load Users 1-64,GET /work random mode,200,38
1779032379406,Load Users 1-29,POST /batch mixed tasks,200,750
1779032380066,Load Users 1-95,GET /work random mode,200,95
1779032380125,Load Users 1-88,GET /work random mode,200,39
1779032379590,Load Users 1-66,POST /batch mixed tasks,200,575
1779032379667,Load Users 1-52,POST /batch mixed tasks,200,499
1779032380117,Load Users 1-49,GET /work random mode,200,49
1779032379696,Load Users 1-36,POST /batch mixed tasks,200,470
1779032379642,Load Users 1-22,POST /batch mixed tasks,200,527
1779032379308,Load Users 1-96,GET /work random mode,200,866
1779032379729,Load Users 1-27,POST /batch mixed tasks,200,451
1779032380070,Load Users 1-51,GET /work random mode,200,113
1779032380107,Load Users 1-81,POST /batch mixed tasks,200,78
1779032380156,Load Users 1-23,GET /work random mode,200,31
1779032380149,Load Users 1-91,GET /work random mode,200,50
1779032379719,Load Users 1-13,POST /batch mixed tasks,200,482
1779032380184,Load Users 1-98,GET /work random mode,200,22
1779032380080,Load Users 1-75,POST /batch mixed tasks,200,151
1779032380187,Load Users 1-64,GET /work random mode,200,52
1779032379991,Load Users 1-46,POST /batch mixed tasks,200,256
1779032380015,Load Users 1-97,GET /work random mode,200,232
1779032380107,Load Users 1-68,POST /batch mixed tasks,200,141
1779032379962,Load Users 1-40,POST /batch mixed tasks,200,286
1779032380122,Load Users 1-47,POST /batch mixed tasks,200,126
1779032379496,Load Users 1-54,POST /batch mixed tasks,200,756
1779032379916,Load Users 1-63,POST /batch mixed tasks,200,345
1779032380073,Load Users 1-4,POST /batch mixed tasks,200,190
1779032380077,Load Users 1-86,POST /batch mixed tasks,200,187
1779032379909,Load Users 1-92,GET /work random mode,200,360
1779032380154,Load Users 1-100,GET /work random mode,200,116
1779032380268,Load Users 1-96,GET /work random mode,200,3
1779032379745,Load Users 1-1,POST /batch mixed tasks,200,531
1779032379433,Load Users 1-93,POST /batch mixed tasks,200,847
1779032379863,Load Users 1-72,POST /batch mixed tasks,200,420
1779032379179,Load Users 1-67,POST /batch mixed tasks,200,1108
1779032380171,Load Users 1-6,GET /work random mode,200,126
1779032379674,Load Users 1-53,POST /batch mixed tasks,200,629
1779032379885,Load Users 1-71,POST /batch mixed tasks,200,419
1779032379323,Load Users 1-57,GET /work random mode,200,984
1779032379943,Load Users 1-55,POST /batch mixed tasks,200,364
1779032380010,Load Users 1-58,GET /work random mode,200,300
1779032380160,Load Users 1-84,GET /work random mode,200,151
1779032379840,Load Users 1-28,POST /batch mixed tasks,200,474
1779032379605,Load Users 1-79,GET /work random mode,200,713
1779032379502,Load Users 1-59,POST /batch mixed tasks,200,828
1779032379970,Load Users 1-82,POST /batch mixed tasks,200,364
1779032379985,Load Users 1-16,POST /batch mixed tasks,200,352
1779032380260,Load Users 1-37,GET /work random mode,200,80
1779032379960,Load Users 1-74,POST /batch mixed tasks,200,381
1779032380330,Load Users 1-27,GET /work random mode,200,20
1779032379981,Load Users 1-3,POST /batch mixed tasks,200,372
1779032380104,Load Users 1-12,GET /work random mode,200,250
1779032380273,Load Users 1-75,POST /batch mixed tasks,200,81
1779032379670,Load Users 1-85,GET /work random mode,200,686
1779032380323,Load Users 1-68,GET /work random mode,200,33
1779032380211,Load Users 1-70,GET /work random mode,200,154
1779032379992,Load Users 1-31,POST /batch mixed tasks,200,373
1779032380358,Load Users 1-53,GET /work random mode,200,8
1779032380017,Load Users 1-19,GET /work random mode,200,356
1779032380234,Load Users 1-11,POST /batch mixed tasks,200,144
1779032380298,Load Users 1-29,GET /work random mode,200,80
1779032380154,Load Users 1-87,GET /work random mode,200,226
1779032380378,Load Users 1-86,GET /work random mode,200,3
1779032380354,Load Users 1-64,GET /work random mode,200,28
1779032380293,Load Users 1-23,POST /batch mixed tasks,200,90
1779032380313,Load Users 1-97,POST /batch mixed tasks,200,76
1779032380158,Load Users 1-9,POST /batch mixed tasks,200,232
1779032380009,Load Users 1-35,POST /batch mixed tasks,200,395
1779032380242,Load Users 1-56,POST /batch mixed tasks,200,162
1779032380210,Load Users 1-88,POST /batch mixed tasks,200,196
1779032380279,Load Users 1-81,POST /batch mixed tasks,200,135
1779032379881,Load Users 1-24,POST /batch mixed tasks,200,536
1779032379981,Load Users 1-38,GET /work random mode,200,443
1779032379500,Load Users 1-30,GET /work random mode,200,932
1779032380234,Load Users 1-60,POST /batch mixed tasks,200,198
1779032379926,Load Users 1-48,POST /batch mixed tasks,200,506
1779032380366,Load Users 1-59,GET /work random mode,200,72
1779032380169,Load Users 1-10,POST /batch mixed tasks,200,271
1779032380140,Load Users 1-50,GET /work random mode,200,304
1779032380211,Load Users 1-2,POST /batch mixed tasks,200,234
1779032380112,Load Users 1-8,GET /work random mode,200,342
1779032380258,Load Users 1-43,POST /batch mixed tasks,200,196
1779032380027,Load Users 1-21,GET /work random mode,200,429
1779032379758,Load Users 1-69,POST /batch mixed tasks,200,700
1779032380203,Load Users 1-15,POST /batch mixed tasks,200,255
1779032379661,Load Users 1-78,GET /work random mode,200,803
1779032379971,Load Users 1-17,POST /batch mixed tasks,200,493
1779032380169,Load Users 1-89,POST /batch mixed tasks,200,309
1779032380401,Load Users 1-55,GET /work random mode,200,81
1779032380356,Load Users 1-72,POST /batch mixed tasks,200,131
1779032379679,Load Users 1-61,GET /work random mode,200,809
1779032380486,Load Users 1-59,GET /work random mode,200,2
1779032380295,Load Users 1-49,POST /batch mixed tasks,200,202
1779032380399,Load Users 1-68,GET /work random mode,200,100
1779032379917,Load Users 1-25,GET /work random mode,200,583
1779032380486,Load Users 1-3,GET /work random mode,200,20
1779032380479,Load Users 1-23,GET /work random mode,200,31
1779032380402,Load Users 1-63,POST /batch mixed tasks,200,109
1779032380501,Load Users 1-56,GET /work random mode,200,16
1779032380334,Load Users 1-13,GET /work random mode,200,183
1779032380049,Load Users 1-42,GET /work random mode,200,469
1779032380398,Load Users 1-28,POST /batch mixed tasks,200,121
1779032380085,Load Users 1-99,POST /batch mixed tasks,200,439
1779032380222,Load Users 1-33,GET /work random mode,200,303
1779032380012,Load Users 1-18,GET /work random mode,200,518
1779032380190,Load Users 1-5,POST /batch mixed tasks,200,362
1779032380424,Load Users 1-16,POST /batch mixed tasks,200,130
1779032380401,Load Users 1-4,GET /work random mode,200,154
1779032379906,Load Users 1-45,POST /batch mixed tasks,200,653
1779032379956,Load Users 1-39,GET /work random mode,200,605
1779032380520,Load Users 1-35,GET /work random mode,200,44
1779032380474,Load Users 1-30,POST /batch mixed tasks,200,101
1779032380508,Load Users 1-15,GET /work random mode,200,72
1779032380388,Load Users 1-12,POST /batch mixed tasks,200,195
1779032380325,Load Users 1-1,POST /batch mixed tasks,200,261
1779032380266,Load Users 1-51,POST /batch mixed tasks,200,324
1779032380191,Load Users 1-77,GET /work random mode,200,409
1779032379976,Load Users 1-73,POST /batch mixed tasks,200,625
1779032380483,Load Users 1-82,GET /work random mode,200,123
1779032380323,Load Users 1-47,POST /batch mixed tasks,200,295
1779032380548,Load Users 1-3,GET /work random mode,200,98
1779032380380,Load Users 1-100,POST /batch mixed tasks,200,273
1779032380647,Load Users 1-39,GET /work random mode,200,12
1779032380406,Load Users 1-27,POST /batch mixed tasks,200,255
1779032380374,Load Users 1-92,GET /work random mode,200,296
1779032380404,Load Users 1-37,POST /batch mixed tasks,200,272
1779032380563,Load Users 1-42,POST /batch mixed tasks,200,125
1779032380585,Load Users 1-61,GET /work random mode,200,108
1779032380629,Load Users 1-63,GET /work random mode,200,64
1779032380584,Load Users 1-18,GET /work random mode,200,113
1779032380508,Load Users 1-53,POST /batch mixed tasks,200,190
1779032380459,Load Users 1-31,POST /batch mixed tasks,200,247
1779032380467,Load Users 1-85,POST /batch mixed tasks,200,242
1779032380167,Load Users 1-41,POST /batch mixed tasks,200,551
1779032380512,Load Users 1-8,POST /batch mixed tasks,200,207
1779032380535,Load Users 1-24,POST /batch mixed tasks,200,192
1779032380641,Load Users 1-35,GET /work random mode,200,107
1779032380487,Load Users 1-97,POST /batch mixed tasks,200,266
1779032380477,Load Users 1-19,POST /batch mixed tasks,200,281
1779032380225,Load Users 1-36,POST /batch mixed tasks,200,539
1779032380145,Load Users 1-76,POST /batch mixed tasks,200,622
1779032380240,Load Users 1-32,GET /work random mode,200,538
1779032380554,Load Users 1-89,GET /work random mode,200,228
1779032380578,Load Users 1-60,POST /batch mixed tasks,200,206
1779032380069,Load Users 1-90,POST /batch mixed tasks,200,717
1779032380287,Load Users 1-52,GET /work random mode,200,502
1779032380595,Load Users 1-5,GET /work random mode,200,196
1779032380342,Load Users 1-84,POST /batch mixed tasks,200,449
1779032380417,Load Users 1-6,GET /work random mode,200,376
1779032380090,Load Users 1-7,POST /batch mixed tasks,200,716
1779032380554,Load Users 1-28,POST /batch mixed tasks,200,262
1779032380438,Load Users 1-11,POST /batch mixed tasks,200,380
1779032380296,Load Users 1-66,POST /batch mixed tasks,200,534
1779032379814,Load Users 1-94,POST /batch mixed tasks,200,1018
1779032380816,Load Users 1-41,GET /work random mode,200,19
1779032380162,Load Users 1-14,POST /batch mixed tasks,200,677
1779032380101,Load Users 1-62,POST /batch mixed tasks,200,739
1779032379631,Load Users 1-26,POST /batch mixed tasks,200,1212
1779032380354,Load Users 1-58,POST /batch mixed tasks,200,489
1779032380687,Load Users 1-16,POST /batch mixed tasks,200,159
1779032380784,Load Users 1-37,GET /work random mode,200,65
1779032380474,Load Users 1-75,POST /batch mixed tasks,200,377
1779032380620,Load Users 1-59,POST /batch mixed tasks,200,231
1779032380558,Load Users 1-23,GET /work random mode,200,294
1779032380198,Load Users 1-65,GET /work random mode,200,654
1779032380125,Load Users 1-83,GET /work random mode,200,732
1779032380586,Load Users 1-25,POST /batch mixed tasks,200,279
1779032380171,Load Users 1-34,POST /batch mixed tasks,200,698
1779032380136,Load Users 1-80,GET /work random mode,200,734
1779032380589,Load Users 1-49,GET /work random mode,200,281
1779032380504,Load Users 1-50,POST /batch mixed tasks,200,373
1779032380672,Load Users 1-30,GET /work random mode,200,205
1779032380640,Load Users 1-4,POST /batch mixed tasks,200,238
1779032380431,Load Users 1-57,POST /batch mixed tasks,200,448
1779032380621,Load Users 1-72,GET /work random mode,200,263
1779032380881,Load Users 1-36,GET /work random mode,200,7
1779032380665,Load Users 1-15,GET /work random mode,200,230
1779032380419,Load Users 1-70,POST /batch mixed tasks,200,483
1779032380836,Load Users 1-84,POST /batch mixed tasks,200,67
1779032380509,Load Users 1-21,GET /work random mode,200,399
1779032380733,Load Users 1-77,POST /batch mixed tasks,200,177
1779032380730,Load Users 1-100,GET /work random mode,200,181
1779032380565,Load Users 1-17,GET /work random mode,200,353
1779032380591,Load Users 1-2,POST /batch mixed tasks,200,335
1779032380628,Load Users 1-68,POST /batch mixed tasks,200,308
1779032380487,Load Users 1-74,POST /batch mixed tasks,200,453
1779032380594,Load Users 1-13,POST /batch mixed tasks,200,350
1779032380514,Load Users 1-88,POST /batch mixed tasks,200,430
1779032380659,Load Users 1-47,POST /batch mixed tasks,200,287
1779032380461,Load Users 1-9,POST /batch mixed tasks,200,493
1779032380468,Load Users 1-86,POST /batch mixed tasks,200,486
1779032380928,Load Users 1-58,GET /work random mode,200,30
1779032380524,Load Users 1-38,POST /batch mixed tasks,200,438
1779032380531,Load Users 1-64,POST /batch mixed tasks,200,433
1779032380532,Load Users 1-81,POST /batch mixed tasks,200,434
1779032380947,Load Users 1-100,GET /work random mode,200,20
1779032380194,Load Users 1-95,POST /batch mixed tasks,200,773
1779032380958,Load Users 1-62,GET /work random mode,200,15
1779032380841,Load Users 1-61,POST /batch mixed tasks,200,140
1779032380702,Load Users 1-73,POST /batch mixed tasks,200,286
1779032380434,Load Users 1-79,POST /batch mixed tasks,200,565
1779032380596,Load Users 1-45,POST /batch mixed tasks,200,407
1779032380705,Load Users 1-3,POST /batch mixed tasks,200,298
1779032380736,Load Users 1-31,GET /work random mode,200,268
1779032380954,Load Users 1-16,GET /work random mode,200,52
1779032380514,Load Users 1-43,POST /batch mixed tasks,200,494
1779032380999,Load Users 1-23,GET /work random mode,200,14
1779032380963,Load Users 1-59,GET /work random mode,200,51
1779032380710,Load Users 1-82,POST /batch mixed tasks,200,305
1779032380699,Load Users 1-39,POST /batch mixed tasks,200,322
1779032380954,Load Users 1-94,GET /work random mode,200,69
1779032380409,Load Users 1-96,POST /batch mixed tasks,200,620
1779032380840,Load Users 1-24,POST /batch mixed tasks,200,194
1779032380321,Load Users 1-67,POST /batch mixed tasks,200,722
1779032380245,Load Users 1-44,POST /batch mixed tasks,200,803
1779032380831,Load Users 1-6,POST /batch mixed tasks,200,217
1779032380502,Load Users 1-48,GET /work random mode,200,547
1779032381033,Load Users 1-77,GET /work random mode,200,24
1779032380989,Load Users 1-57,GET /work random mode,200,76
1779032380387,Load Users 1-40,POST /batch mixed tasks,200,679
1779032380591,Load Users 1-99,GET /work random mode,200,480
1779032381068,Load Users 1-100,GET /work random mode,200,4
1779032380416,Load Users 1-93,GET /work random mode,200,659
1779032380524,Load Users 1-87,POST /batch mixed tasks,200,560
1779032380816,Load Users 1-19,GET /work random mode,200,276
1779032380614,Load Users 1-55,POST /batch mixed tasks,200,479
1779032381092,Load Users 1-86,GET /work random mode,200,9
1779032381096,Load Users 1-3,GET /work random mode,200,20
1779032380945,Load Users 1-21,GET /work random mode,200,172
1779032381059,Load Users 1-79,GET /work random mode,200,79
1779032380895,Load Users 1-76,GET /work random mode,200,254
1779032381052,Load Users 1-45,POST /batch mixed tasks,200,98
1779032381123,Load Users 1-57,GET /work random mode,200,32
1779032380823,Load Users 1-90,POST /batch mixed tasks,200,339
1779032381118,Load Users 1-44,GET /work random mode,200,45
1779032381043,Load Users 1-13,POST /batch mixed tasks,200,122
1779032381058,Load Users 1-31,GET /work random mode,200,113
1779032381045,Load Users 1-82,POST /batch mixed tasks,200,128
1779032380874,Load Users 1-28,POST /batch mixed tasks,200,306
1779032380928,Load Users 1-32,POST /batch mixed tasks,200,256
1779032380983,Load Users 1-72,POST /batch mixed tasks,200,205
1779032380643,Load Users 1-1,POST /batch mixed tasks,200,553
1779032380968,Load Users 1-66,GET /work random mode,200,233
1779032381192,Load Users 1-48,GET /work random mode,200,11
1779032380708,Load Users 1-27,POST /batch mixed tasks,200,499
1779032381009,Load Users 1-4,POST /batch mixed tasks,200,204
1779032381110,Load Users 1-16,GET /work random mode,200,105
1779032380344,Load Users 1-54,GET /work random mode,200,872
1779032381090,Load Users 1-64,GET /work random mode,200,128
1779032380988,Load Users 1-80,GET /work random mode,200,235
1779032380904,Load Users 1-75,POST /batch mixed tasks,200,326
1779032381153,Load Users 1-21,GET /work random mode,200,80
1779032381065,Load Users 1-81,POST /batch mixed tasks,200,176
1779032380547,Load Users 1-10,GET /work random mode,200,694
1779032381005,Load Users 1-49,GET /work random mode,200,239
1779032380897,Load Users 1-97,POST /batch mixed tasks,200,347
1779032381113,Load Users 1-62,GET /work random mode,200,131
1779032380789,Load Users 1-53,POST /batch mixed tasks,200,469
1779032380897,Load Users 1-35,POST /batch mixed tasks,200,364
1779032380550,Load Users 1-78,POST /batch mixed tasks,200,712
1779032380902,Load Users 1-41,GET /work random mode,200,362
1779032380116,Load Users 1-20,POST /batch mixed tasks,200,1149
1779032381023,Load Users 1-88,GET /work random mode,200,246
1779032380282,Load Users 1-22,GET /work random mode,200,1001
1779032380825,Load Users 1-60,POST /batch mixed tasks,200,464
1779032381253,Load Users 1-13,GET /work random mode,200,42
1779032380257,Load Users 1-91,POST /batch mixed tasks,200,1039
1779032380286,Load Users 1-98,GET /work random mode,200,1013
1779032380591,Load Users 1-33,POST /batch mixed tasks,200,717
1779032381198,Load Users 1-93,POST /batch mixed tasks,200,111
1779032381023,Load Users 1-84,POST /batch mixed tasks,200,294
1779032380970,Load Users 1-34,GET /work random mode,200,350
1779032381208,Load Users 1-86,POST /batch mixed tasks,200,120
1779032380981,Load Users 1-68,POST /batch mixed tasks,200,350
1779032381034,Load Users 1-38,POST /batch mixed tasks,200,297
1779032380645,Load Users 1-12,POST /batch mixed tasks,200,699
1779032381312,Load Users 1-75,GET /work random mode,200,33
1779032381207,Load Users 1-45,POST /batch mixed tasks,200,141
1779032381292,Load Users 1-1,POST /batch mixed tasks,200,57
1779032381335,Load Users 1-53,GET /work random mode,200,14
1779032381115,Load Users 1-73,POST /batch mixed tasks,200,240
1779032381343,Load Users 1-27,GET /work random mode,200,12
1779032381224,Load Users 1-32,POST /batch mixed tasks,200,135
1779032381354,Load Users 1-62,GET /work random mode,200,13
1779032380953,Load Users 1-26,POST /batch mixed tasks,200,422
1779032380658,Load Users 1-51,POST /batch mixed tasks,200,722
1779032381332,Load Users 1-4,GET /work random mode,200,59
1779032381192,Load Users 1-79,POST /batch mixed tasks,200,201
1779032381286,Load Users 1-31,GET /work random mode,200,107
1779032380947,Load Users 1-15,GET /work random mode,200,446
1779032381024,Load Users 1-2,POST /batch mixed tasks,200,374
1779032381239,Load Users 1-44,POST /batch mixed tasks,200,161
1779032380985,Load Users 1-14,GET /work random mode,200,416
1779032381019,Load Users 1-74,POST /batch mixed tasks,200,383
1779032381296,Load Users 1-20,POST /batch mixed tasks,200,107
1779032381091,Load Users 1-47,GET /work random mode,200,317
1779032380597,Load Users 1-69,POST /batch mixed tasks,200,820
1779032381349,Load Users 1-97,POST /batch mixed tasks,200,71
1779032381011,Load Users 1-25,POST /batch mixed tasks,200,415
1779032380788,Load Users 1-42,POST /batch mixed tasks,200,641
1779032381058,Load Users 1-95,POST /batch mixed tasks,200,378
1779032380951,Load Users 1-65,GET /work random mode,200,501
1779032381106,Load Users 1-100,GET /work random mode,200,354
1779032381427,Load Users 1-27,GET /work random mode,200,33
1779032381095,Load Users 1-94,POST /batch mixed tasks,200,382
1779032380865,Load Users 1-7,POST /batch mixed tasks,200,612
1779032380808,Load Users 1-92,POST /batch mixed tasks,200,670
1779032381349,Load Users 1-80,GET /work random mode,200,133
1779032381350,Load Users 1-35,POST /batch mixed tasks,200,152
1779032380839,Load Users 1-18,GET /work random mode,200,664
1779032381292,Load Users 1-21,POST /batch mixed tasks,200,214
1779032381037,Load Users 1-70,POST /batch mixed tasks,200,469
1779032381028,Load Users 1-17,POST /batch mixed tasks,200,479
1779032380864,Load Users 1-52,POST /batch mixed tasks,200,648
1779032381210,Load Users 1-28,POST /batch mixed tasks,200,305
1779032381448,Load Users 1-53,GET /work random mode,200,76
1779032381320,Load Users 1-48,POST /batch mixed tasks,200,205
1779032380926,Load Users 1-5,POST /batch mixed tasks,200,602
1779032381126,Load Users 1-39,GET /work random mode,200,408
1779032381443,Load Users 1-26,GET /work random mode,200,92
1779032380832,Load Users 1-63,POST /batch mixed tasks,200,706
1779032381297,Load Users 1-49,GET /work random mode,200,257
1779032381539,Load Users 1-80,GET /work random mode,200,19
1779032381157,Load Users 1-87,GET /work random mode,200,404
1779032380804,Load Users 1-8,GET /work random mode,200,762
1779032381169,Load Users 1-55,POST /batch mixed tasks,200,404
1779032381475,Load Users 1-25,POST /batch mixed tasks,200,99
1779032381178,Load Users 1-3,POST /batch mixed tasks,200,406
1779032381072,Load Users 1-24,POST /batch mixed tasks,200,512
1779032381463,Load Users 1-20,POST /batch mixed tasks,200,122
1779032381425,Load Users 1-34,POST /batch mixed tasks,200,172
1779032381436,Load Users 1-79,POST /batch mixed tasks,200,173
1779032381336,Load Users 1-22,POST /batch mixed tasks,200,273
1779032381554,Load Users 1-52,GET /work random mode,200,61
1779032381333,Load Users 1-66,POST /batch mixed tasks,200,284
1779032381357,Load Users 1-13,GET /work random mode,200,262
1779032381107,Load Users 1-43,POST /batch mixed tasks,200,527
1779032381392,Load Users 1-73,GET /work random mode,200,244
1779032381439,Load Users 1-68,GET /work random mode,200,198
1779032381033,Load Users 1-36,POST /batch mixed tasks,200,606
1779032381147,Load Users 1-99,GET /work random mode,200,493
1779032381255,Load Users 1-54,GET /work random mode,200,395
1779032381002,Load Users 1-9,POST /batch mixed tasks,200,652
1779032381177,Load Users 1-96,POST /batch mixed tasks,200,477
1779032381517,Load Users 1-51,POST /batch mixed tasks,200,139
1779032381358,Load Users 1-33,POST /batch mixed tasks,200,299
1779032381101,Load Users 1-58,POST /batch mixed tasks,200,557
1779032381352,Load Users 1-16,POST /batch mixed tasks,200,315
1779032381169,Load Users 1-6,POST /batch mixed tasks,200,506
1779032381307,Load Users 1-64,POST /batch mixed tasks,200,371
1779032380952,Load Users 1-30,GET /work random mode,200,727
1779032381337,Load Users 1-91,POST /batch mixed tasks,200,344
1779032381380,Load Users 1-84,GET /work random mode,200,304
1779032381272,Load Users 1-76,POST /batch mixed tasks,200,412
1779032381625,Load Users 1-5,GET /work random mode,200,75
1779032381656,Load Users 1-49,GET /work random mode,200,56
1779032381481,Load Users 1-75,GET /work random mode,200,231
1779032381199,Load Users 1-90,POST /batch mixed tasks,200,513
1779032381700,Load Users 1-73,GET /work random mode,200,16
1779032381671,Load Users 1-3,GET /work random mode,200,46
1779032381512,Load Users 1-42,GET /work random mode,200,205
1779032381487,Load Users 1-12,GET /work random mode,200,232
1779032381595,Load Users 1-80,GET /work random mode,200,124
1779032381573,Load Users 1-17,POST /batch mixed tasks,200,155
1779032381343,Load Users 1-10,POST /batch mixed tasks,200,395
1779032381712,Load Users 1-13,GET /work random mode,200,31
1779032381421,Load Users 1-60,POST /batch mixed tasks,200,323
1779032380331,Load Users 1-46,POST /batch mixed tasks,200,1419
1779032381652,Load Users 1-79,GET /work random mode,200,102
1779032381631,Load Users 1-48,GET /work random mode,200,125
1779032381618,Load Users 1-35,POST /batch mixed tasks,200,138
1779032381550,Load Users 1-14,GET /work random mode,200,212
1779032380856,Load Users 1-89,POST /batch mixed tasks,200,907
1779032381212,Load Users 1-19,POST /batch mixed tasks,200,551
1779032381662,Load Users 1-87,GET /work random mode,200,106
1779032380415,Load Users 1-71,POST /batch mixed tasks,200,1354
1779032381641,Load Users 1-70,GET /work random mode,200,131
1779032381301,Load Users 1-81,POST /batch mixed tasks,200,479
1779032381578,Load Users 1-18,GET /work random mode,200,206
1779032381774,Load Users 1-91,GET /work random mode,200,10
1779032381600,Load Users 1-53,GET /work random mode,200,188
1779032381653,Load Users 1-8,GET /work random mode,200,135
1779032381069,Load Users 1-59,POST /batch mixed tasks,200,719
1779032381360,Load Users 1-41,POST /batch mixed tasks,200,435
1779032381356,Load Users 1-78,POST /batch mixed tasks,200,443
1779032381415,Load Users 1-93,GET /work random mode,200,386
1779032381633,Load Users 1-26,POST /batch mixed tasks,200,169
1779032381803,Load Users 1-35,GET /work random mode,200,6
1779032381551,Load Users 1-21,POST /batch mixed tasks,200,266
1779032381636,Load Users 1-25,POST /batch mixed tasks,200,184
1779032380896,Load Users 1-83,POST /batch mixed tasks,200,930
1779032381806,Load Users 1-13,GET /work random mode,200,23
1779032381825,Load Users 1-76,GET /work random mode,200,11
1779032380873,Load Users 1-11,POST /batch mixed tasks,200,965
1779032381585,Load Users 1-39,GET /work random mode,200,254
1779032381768,Load Users 1-5,GET /work random mode,200,73
1779032381782,Load Users 1-46,GET /work random mode,200,70
1779032381703,Load Users 1-36,GET /work random mode,200,150
1779032381768,Load Users 1-16,GET /work random mode,200,90
1779032381681,Load Users 1-22,GET /work random mode,200,183
1779032381544,Load Users 1-92,POST /batch mixed tasks,200,321
1779032381836,Load Users 1-42,GET /work random mode,200,29
1779032380938,Load Users 1-37,GET /work random mode,200,931
1779032381538,Load Users 1-7,GET /work random mode,200,334
1779032381731,Load Users 1-20,POST /batch mixed tasks,200,144
1779032381861,Load Users 1-13,GET /work random mode,200,16
1779032381520,Load Users 1-95,POST /batch mixed tasks,200,362
1779032381863,Load Users 1-60,GET /work random mode,200,19
1779032381442,Load Users 1-31,POST /batch mixed tasks,200,448
1779032381111,Load Users 1-77,POST /batch mixed tasks,200,782
1779032381860,Load Users 1-73,GET /work random mode,200,35
1779032381443,Load Users 1-2,POST /batch mixed tasks,200,453
1779032381481,Load Users 1-44,POST /batch mixed tasks,200,417
1779032381407,Load Users 1-38,POST /batch mixed tasks,200,492
1779032381672,Load Users 1-63,GET /work random mode,200,227
1779032381335,Load Users 1-98,POST /batch mixed tasks,200,577
1779032381276,Load Users 1-57,POST /batch mixed tasks,200,636
1779032381908,Load Users 1-78,GET /work random mode,200,4
1779032381712,Load Users 1-6,GET /work random mode,200,202
1779032380969,Load Users 1-50,POST /batch mixed tasks,200,946
1779032381479,Load Users 1-1,GET /work random mode,200,437
1779032381565,Load Users 1-97,POST /batch mixed tasks,200,352
1779032381115,Load Users 1-40,GET /work random mode,200,802
1779032380488,Load Users 1-29,POST /batch mixed tasks,200,1431
1779032381372,Load Users 1-86,POST /batch mixed tasks,200,557
1779032381734,Load Users 1-43,GET /work random mode,200,234
1779032381889,Load Users 1-26,GET /work random mode,200,82
1779032381685,Load Users 1-34,GET /work random mode,200,288
1779032381881,Load Users 1-79,GET /work random mode,200,103
1779032381948,Load Users 1-98,GET /work random mode,200,41
1779032381837,Load Users 1-49,GET /work random mode,200,156
1779032381464,Load Users 1-32,POST /batch mixed tasks,200,529
1779032381887,Load Users 1-35,POST /batch mixed tasks,200,113
1779032381981,Load Users 1-77,GET /work random mode,200,19
1779032381973,Load Users 1-7,GET /work random mode,200,28
1779032381722,Load Users 1-51,GET /work random mode,200,282
1779032381891,Load Users 1-5,POST /batch mixed tasks,200,125
1779032381751,Load Users 1-58,POST /batch mixed tasks,200,268
1779032381439,Load Users 1-4,POST /batch mixed tasks,200,581
1779032381983,Load Users 1-36,GET /work random mode,200,40
1779032381941,Load Users 1-2,GET /work random mode,200,87
1779032381916,Load Users 1-70,POST /batch mixed tasks,200,115
1779032381542,Load Users 1-69,GET /work random mode,200,490
1779032381075,Load Users 1-67,POST /batch mixed tasks,200,965
1779032382042,Load Users 1-77,GET /work random mode,200,2
1779032381744,Load Users 1-30,POST /batch mixed tasks,200,307
1779032381401,Load Users 1-88,POST /batch mixed tasks,200,658
1779032381781,Load Users 1-33,POST /batch mixed tasks,200,281
1779032381723,Load Users 1-52,GET /work random mode,200,345
1779032381716,Load Users 1-55,POST /batch mixed tasks,200,354
1779032381496,Load Users 1-47,POST /batch mixed tasks,200,588
1779032381819,Load Users 1-14,POST /batch mixed tasks,200,274
1779032382001,Load Users 1-73,GET /work random mode,200,93
1779032381781,Load Users 1-90,GET /work random mode,200,317
1779032381980,Load Users 1-86,POST /batch mixed tasks,200,122
1779032381442,Load Users 1-15,POST /batch mixed tasks,200,667
1779032381835,Load Users 1-80,GET /work random mode,200,276
1779032381983,Load Users 1-37,POST /batch mixed tasks,200,129
1779032381972,Load Users 1-1,POST /batch mixed tasks,200,143
1779032381100,Load Users 1-23,POST /batch mixed tasks,200,1018
1779032382125,Load Users 1-79,GET /work random mode,200,8
1779032381936,Load Users 1-95,GET /work random mode,200,206
1779032381689,Load Users 1-9,POST /batch mixed tasks,200,454
1779032381881,Load Users 1-8,GET /work random mode,200,286
1779032381773,Load Users 1-84,POST /batch mixed tasks,200,396
1779032380768,Load Users 1-85,GET /work random mode,200,1407
1779032381990,Load Users 1-22,POST /batch mixed tasks,200,186
1779032382157,Load Users 1-67,GET /work random mode,200,20
1779032381893,Load Users 1-46,POST /batch mixed tasks,200,288
1779032381854,Load Users 1-87,POST /batch mixed tasks,200,328
1779032381119,Load Users 1-61,POST /batch mixed tasks,200,1063
1779032381985,Load Users 1-78,POST /batch mixed tasks,200,202
1779032381287,Load Users 1-72,GET /work random mode,200,904
1779032381826,Load Users 1-64,GET /work random mode,200,368
1779032382060,Load Users 1-34,POST /batch mixed tasks,200,139
1779032381435,Load Users 1-45,POST /batch mixed tasks,200,768
1779032382089,Load Users 1-5,POST /batch mixed tasks,200,115
1779032381701,Load Users 1-66,POST /batch mixed tasks,200,509
1779032382137,Load Users 1-90,POST /batch mixed tasks,200,79
1779032381427,Load Users 1-62,GET /work random mode,200,798
1779032381646,Load Users 1-28,POST /batch mixed tasks,200,582
1779032382037,Load Users 1-51,POST /batch mixed tasks,200,192
1779032381509,Load Users 1-27,GET /work random mode,200,721
1779032381774,Load Users 1-68,POST /batch mixed tasks,200,463
1779032381852,Load Users 1-21,POST /batch mixed tasks,200,386
1779032382110,Load Users 1-52,POST /batch mixed tasks,200,128
1779032382221,Load Users 1-86,GET /work random mode,200,18
1779032381594,Load Users 1-100,GET /work random mode,200,645
1779032380624,Load Users 1-56,POST /batch mixed tasks,200,1616
1779032381968,Load Users 1-13,POST /batch mixed tasks,200,287
1779032382121,Load Users 1-49,GET /work random mode,200,140
1779032382062,Load Users 1-58,GET /work random mode,200,203
1779032381865,Load Users 1-18,GET /work random mode,200,400
1779032381950,Load Users 1-60,POST /batch mixed tasks,200,318
1779032382089,Load Users 1-69,GET /work random mode,200,184
1779032381992,Load Users 1-42,POST /batch mixed tasks,200,295
1779032381925,Load Users 1-91,POST /batch mixed tasks,200,362
1779032381846,Load Users 1-48,POST /batch mixed tasks,200,447
1779032381941,Load Users 1-39,POST /batch mixed tasks,200,359
1779032381763,Load Users 1-17,GET /work random mode,200,540
1779032381846,Load Users 1-71,POST /batch mixed tasks,200,458
1779032381825,Load Users 1-19,GET /work random mode,200,483
1779032381563,Load Users 1-94,POST /batch mixed tasks,200,746
1779032381976,Load Users 1-29,GET /work random mode,200,333
1779032382304,Load Users 1-28,GET /work random mode,200,12
1779032381923,Load Users 1-11,POST /batch mixed tasks,200,397
1779032381928,Load Users 1-53,POST /batch mixed tasks,200,400
1779032382196,Load Users 1-79,GET /work random mode,200,133
1779032381838,Load Users 1-10,GET /work random mode,200,509
1779032382327,Load Users 1-13,GET /work random mode,200,21
1779032382242,Load Users 1-9,GET /work random mode,200,108
1779032382005,Load Users 1-20,GET /work random mode,200,345
1779032381871,Load Users 1-25,POST /batch mixed tasks,200,482
1779032382246,Load Users 1-46,GET /work random mode,200,111
1779032381967,Load Users 1-92,POST /batch mixed tasks,200,391
1779032382264,Load Users 1-84,POST /batch mixed tasks,200,100
1779032381652,Load Users 1-24,GET /work random mode,200,716
1779032381767,Load Users 1-3,GET /work random mode,200,601
1779032381874,Load Users 1-89,POST /batch mixed tasks,200,501
1779032381953,Load Users 1-44,POST /batch mixed tasks,200,428
1779032382192,Load Users 1-1,GET /work random mode,200,194
1779032381855,Load Users 1-81,POST /batch mixed tasks,200,533
1779032382362,Load Users 1-51,GET /work random mode,200,30
1779032382117,Load Users 1-47,POST /batch mixed tasks,200,275
1779032381294,Load Users 1-82,GET /work random mode,200,1104
1779032381800,Load Users 1-96,GET /work random mode,200,601
1779032382399,Load Users 1-46,GET /work random mode,200,3
1779032382171,Load Users 1-36,POST /batch mixed tasks,200,236
1779032381882,Load Users 1-41,GET /work random mode,200,525
1779032382095,Load Users 1-77,POST /batch mixed tasks,200,318
1779032382400,Load Users 1-3,GET /work random mode,200,17
1779032382372,Load Users 1-27,GET /work random mode,200,49
1779032381458,Load Users 1-74,POST /batch mixed tasks,200,966
1779032382342,Load Users 1-42,GET /work random mode,200,86
1779032382193,Load Users 1-95,GET /work random mode,200,237
1779032382419,Load Users 1-29,GET /work random mode,200,23
1779032382369,Load Users 1-53,GET /work random mode,200,75
1779032382363,Load Users 1-56,GET /work random mode,200,88
1779032381962,Load Users 1-83,GET /work random mode,200,494
1779032382172,Load Users 1-2,POST /batch mixed tasks,200,291
1779032381987,Load Users 1-38,POST /batch mixed tasks,200,478
1779032382047,Load Users 1-40,POST /batch mixed tasks,200,419
1779032382286,Load Users 1-34,GET /work random mode,200,181
1779032382347,Load Users 1-91,GET /work random mode,200,122
1779032382430,Load Users 1-24,GET /work random mode,200,42
1779032382373,Load Users 1-52,POST /batch mixed tasks,200,99
1779032382353,Load Users 1-17,POST /batch mixed tasks,200,123
1779032381690,Load Users 1-99,POST /batch mixed tasks,200,788
1779032382176,Load Users 1-23,POST /batch mixed tasks,200,302
1779032382303,Load Users 1-49,GET /work random mode,200,176
1779032382186,Load Users 1-14,POST /batch mixed tasks,200,296
1779032382140,Load Users 1-4,POST /batch mixed tasks,200,344
1779032382046,Load Users 1-32,POST /batch mixed tasks,200,438
1779032382161,Load Users 1-70,POST /batch mixed tasks,200,326
1779032382049,Load Users 1-57,POST /batch mixed tasks,200,440
1779032382017,Load Users 1-63,POST /batch mixed tasks,200,474
1779032382489,Load Users 1-1,GET /work random mode,200,2
1779032382001,Load Users 1-31,POST /batch mixed tasks,200,497
1779032382007,Load Users 1-43,POST /batch mixed tasks,200,498
1779032382489,Load Users 1-25,GET /work random mode,200,15
1779032382237,Load Users 1-72,GET /work random mode,200,280
1779032382351,Load Users 1-94,POST /batch mixed tasks,200,168
1779032382417,Load Users 1-19,GET /work random mode,200,112
1779032382302,Load Users 1-67,POST /batch mixed tasks,200,230
1779032382337,Load Users 1-48,POST /batch mixed tasks,200,197
1779032382361,Load Users 1-58,GET /work random mode,200,174
1779032382299,Load Users 1-78,GET /work random mode,200,251
1779032382242,Load Users 1-22,GET /work random mode,200,308
1779032382169,Load Users 1-55,POST /batch mixed tasks,200,395
1779032382142,Load Users 1-35,POST /batch mixed tasks,200,423
1779032382368,Load Users 1-71,POST /batch mixed tasks,200,219
1779032382128,Load Users 1-73,GET /work random mode,200,463
1779032382397,Load Users 1-60,POST /batch mixed tasks,200,195
1779032382368,Load Users 1-100,POST /batch mixed tasks,200,227
1779032382450,Load Users 1-44,GET /work random mode,200,148
1779032382455,Load Users 1-51,GET /work random mode,200,144
1779032382498,Load Users 1-56,GET /work random mode,200,108
1779032382043,Load Users 1-97,GET /work random mode,200,567
1779032382426,Load Users 1-13,POST /batch mixed tasks,200,184
1779032382343,Load Users 1-66,GET /work random mode,200,275
1779032381860,Load Users 1-12,POST /batch mixed tasks,200,762
1779032382143,Load Users 1-30,POST /batch mixed tasks,200,484
1779032382104,Load Users 1-88,POST /batch mixed tasks,200,530
1779032382334,Load Users 1-39,POST /batch mixed tasks,200,308
1779032382619,Load Users 1-24,GET /work random mode,200,36
1779032381961,Load Users 1-76,POST /batch mixed tasks,200,701
1779032382608,Load Users 1-35,GET /work random mode,200,54
1779032382371,Load Users 1-11,POST /batch mixed tasks,200,295
1779032382389,Load Users 1-69,POST /batch mixed tasks,200,286
1779032382303,Load Users 1-61,POST /batch mixed tasks,200,380
1779032382442,Load Users 1-47,POST /batch mixed tasks,200,252
1779032382602,Load Users 1-4,GET /work random mode,200,95
1779032382543,Load Users 1-17,GET /work random mode,200,155
1779032382519,Load Users 1-41,GET /work random mode,200,182
1779032382133,Load Users 1-33,POST /batch mixed tasks,200,570
1779032382648,Load Users 1-13,GET /work random mode,200,55
1779032381753,Load Users 1-75,POST /batch mixed tasks,200,955
1779032382630,Load Users 1-73,GET /work random mode,200,77
1779032382022,Load Users 1-50,GET /work random mode,200,690
1779032382396,Load Users 1-9,GET /work random mode,200,322
1779032382711,Load Users 1-69,GET /work random mode,200,8
1779032382077,Load Users 1-98,POST /batch mixed tasks,200,645
1779032382264,Load Users 1-87,GET /work random mode,200,464
1779032382142,Load Users 1-7,POST /batch mixed tasks,200,587
1779032382228,Load Users 1-15,GET /work random mode,200,501
1779032382602,Load Users 1-91,POST /batch mixed tasks,200,139
1779032382260,Load Users 1-64,POST /batch mixed tasks,200,483
1779032382008,Load Users 1-16,POST /batch mixed tasks,200,741
1779032382473,Load Users 1-79,POST /batch mixed tasks,200,281
1779032382550,Load Users 1-95,GET /work random mode,200,205
1779032382528,Load Users 1-23,POST /batch mixed tasks,200,230
1779032382638,Load Users 1-94,POST /batch mixed tasks,200,126
1779032382308,Load Users 1-5,POST /batch mixed tasks,200,483
1779032382380,Load Users 1-10,GET /work random mode,200,410
1779032382508,Load Users 1-27,POST /batch mixed tasks,200,282
1779032382400,Load Users 1-18,GET /work random mode,200,390
1779032382003,Load Users 1-6,POST /batch mixed tasks,200,788
1779032381917,Load Users 1-59,POST /batch mixed tasks,200,874
1779032382566,Load Users 1-53,POST /batch mixed tasks,200,224
1779032382468,Load Users 1-74,POST /batch mixed tasks,200,322
1779032381931,Load Users 1-93,GET /work random mode,200,864
1779032382344,Load Users 1-68,GET /work random mode,200,454
1779032381546,Load Users 1-65,POST /batch mixed tasks,200,1259
1779032382414,Load Users 1-84,POST /batch mixed tasks,200,390
1779032382465,Load Users 1-82,POST /batch mixed tasks,200,339
1779032382562,Load Users 1-14,POST /batch mixed tasks,200,244
1779032382567,Load Users 1-38,GET /work random mode,200,243
1779032382790,Load Users 1-35,GET /work random mode,200,21
1779032382790,Load Users 1-50,GET /work random mode,200,22
1779032382558,Load Users 1-29,POST /batch mixed tasks,200,269
1779032382530,Load Users 1-42,GET /work random mode,200,300
1779032382492,Load Users 1-20,GET /work random mode,200,348
1779032382310,Load Users 1-21,POST /batch mixed tasks,200,531
1779032382517,Load Users 1-89,POST /batch mixed tasks,200,332
1779032382210,Load Users 1-8,POST /batch mixed tasks,200,643
1779032382790,Load Users 1-9,GET /work random mode,200,67
1779032382359,Load Users 1-90,GET /work random mode,200,500
1779032382169,Load Users 1-80,POST /batch mixed tasks,200,692
1779032382525,Load Users 1-77,POST /batch mixed tasks,200,335
1779032382592,Load Users 1-57,POST /batch mixed tasks,200,269
1779032382525,Load Users 1-40,GET /work random mode,200,346
1779032382865,Load Users 1-84,GET /work random mode,200,9
1779032382846,Load Users 1-27,GET /work random mode,200,29
1779032382896,Load Users 1-20,GET /work random mode,200,5
1779032382892,Load Users 1-89,GET /work random mode,200,19
1779032382602,Load Users 1-34,GET /work random mode,200,310
1779032382684,Load Users 1-30,POST /batch mixed tasks,200,228
1779032382668,Load Users 1-12,POST /batch mixed tasks,200,250
1779032382567,Load Users 1-2,POST /batch mixed tasks,200,352
1779032382682,Load Users 1-88,POST /batch mixed tasks,200,239
1779032382689,Load Users 1-56,GET /work random mode,200,238
1779032382533,Load Users 1-49,GET /work random mode,200,398
1779032382882,Load Users 1-10,GET /work random mode,200,49
1779032382483,Load Users 1-92,POST /batch mixed tasks,200,448
1779032382594,Load Users 1-58,POST /batch mixed tasks,200,339
1779032382871,Load Users 1-53,GET /work random mode,200,64
1779032382455,Load Users 1-3,POST /batch mixed tasks,200,482
1779032382431,Load Users 1-81,POST /batch mixed tasks,200,511
1779032382829,Load Users 1-95,GET /work random mode,200,120
1779032382951,Load Users 1-38,GET /work random mode,200,2
1779032382260,Load Users 1-85,POST /batch mixed tasks,200,699
1779032382851,Load Users 1-73,GET /work random mode,200,111
1779032382955,Load Users 1-40,GET /work random mode,200,7
1779032382844,Load Users 1-82,GET /work random mode,200,118
1779032382699,Load Users 1-22,GET /work random mode,200,265
1779032382890,Load Users 1-59,GET /work random mode,200,74
1779032382552,Load Users 1-52,POST /batch mixed tasks,200,419
1779032382810,Load Users 1-61,POST /batch mixed tasks,200,162
1779032382654,Load Users 1-44,POST /batch mixed tasks,200,319
1779032382850,Load Users 1-16,GET /work random mode,200,127
1779032382324,Load Users 1-45,GET /work random mode,200,655
1779032382671,Load Users 1-51,GET /work random mode,200,310
1779032382261,Load Users 1-37,POST /batch mixed tasks,200,728
1779032382466,Load Users 1-96,POST /batch mixed tasks,200,526
1779032382605,Load Users 1-1,POST /batch mixed tasks,200,390
1779032382999,Load Users 1-22,GET /work random mode,200,15
1779032382673,Load Users 1-78,POST /batch mixed tasks,200,341
1779032382616,Load Users 1-31,GET /work random mode,200,403
1779032382668,Load Users 1-48,GET /work random mode,200,352
1779032382840,Load Users 1-18,GET /work random mode,200,182
1779032382347,Load Users 1-62,POST /batch mixed tasks,200,677
1779032382903,Load Users 1-65,GET /work random mode,200,122
1779032382636,Load Users 1-63,POST /batch mixed tasks,200,393
1779032382790,Load Users 1-75,GET /work random mode,200,247
1779032382790,Load Users 1-98,POST /batch mixed tasks,200,258
1779032383026,Load Users 1-34,GET /work random mode,200,24
1779032382794,Load Users 1-13,GET /work random mode,200,257
1779032382748,Load Users 1-11,POST /batch mixed tasks,200,313
1779032381722,Load Users 1-54,POST /batch mixed tasks,200,1343
1779032382838,Load Users 1-23,POST /batch mixed tasks,200,231
1779032383014,Load Users 1-85,GET /work random mode,200,57
1779032382854,Load Users 1-93,POST /batch mixed tasks,200,217
1779032383002,Load Users 1-27,GET /work random mode,200,80
1779032382974,Load Users 1-80,GET /work random mode,200,108
1779032382634,Load Users 1-60,POST /batch mixed tasks,200,454
1779032382740,Load Users 1-39,GET /work random mode,200,350
1779032382867,Load Users 1-6,POST /batch mixed tasks,200,230
1779032382827,Load Users 1-47,POST /batch mixed tasks,200,276
1779032382883,Load Users 1-50,GET /work random mode,200,225
1779032382935,Load Users 1-90,GET /work random mode,200,174
1779032382950,Load Users 1-20,POST /batch mixed tasks,200,162
1779032382661,Load Users 1-72,POST /batch mixed tasks,200,463
1779032382763,Load Users 1-66,GET /work random mode,200,365
1779032383125,Load Users 1-39,GET /work random mode,200,5
1779032383103,Load Users 1-16,GET /work random mode,200,27
1779032382634,Load Users 1-100,POST /batch mixed tasks,200,499
1779032383059,Load Users 1-48,POST /batch mixed tasks,200,75
1779032382734,Load Users 1-97,POST /batch mixed tasks,200,400
1779032383134,Load Users 1-18,GET /work random mode,200,23
1779032382284,Load Users 1-86,POST /batch mixed tasks,200,878
1779032383168,Load Users 1-13,GET /work random mode,200,7
1779032382942,Load Users 1-14,POST /batch mixed tasks,200,234
1779032382556,Load Users 1-99,GET /work random mode,200,622
1779032383057,Load Users 1-81,GET /work random mode,200,123
1779032382541,Load Users 1-46,GET /work random mode,200,657
1779032382590,Load Users 1-25,POST /batch mixed tasks,200,609
1779032383053,Load Users 1-37,POST /batch mixed tasks,200,148
1779032382993,Load Users 1-38,POST /batch mixed tasks,200,219
1779032383166,Load Users 1-100,GET /work random mode,200,51
1779032383143,Load Users 1-78,GET /work random mode,200,75
1779032382790,Load Users 1-87,POST /batch mixed tasks,200,429
1779032382563,Load Users 1-70,POST /batch mixed tasks,200,656
1779032383199,Load Users 1-27,GET /work random mode,200,31
1779032382922,Load Users 1-9,POST /batch mixed tasks,200,319
1779032383057,Load Users 1-45,POST /batch mixed tasks,200,191
1779032382663,Load Users 1-19,POST /batch mixed tasks,200,585
1779032382932,Load Users 1-77,GET /work random mode,200,318
1779032382907,Load Users 1-57,POST /batch mixed tasks,200,351
1779032383075,Load Users 1-22,POST /batch mixed tasks,200,183
1779032383038,Load Users 1-89,POST /batch mixed tasks,200,224
1779032382873,Load Users 1-29,GET /work random mode,200,389
1779032383050,Load Users 1-1,POST /batch mixed tasks,200,220
1779032382525,Load Users 1-36,POST /batch mixed tasks,200,749
1779032382854,Load Users 1-91,POST /batch mixed tasks,200,423
1779032383050,Load Users 1-92,POST /batch mixed tasks,200,229
1779032383082,Load Users 1-31,POST /batch mixed tasks,200,197
1779032382992,Load Users 1-84,POST /batch mixed tasks,200,297
1779032383080,Load Users 1-95,POST /batch mixed tasks,200,215
1779032382968,Load Users 1-56,POST /batch mixed tasks,200,327
1779032382860,Load Users 1-69,POST /batch mixed tasks,200,437
1779032383020,Load Users 1-59,POST /batch mixed tasks,200,278
1779032382817,Load Users 1-17,POST /batch mixed tasks,200,496
1779032383022,Load Users 1-88,POST /batch mixed tasks,200,295
1779032383245,Load Users 1-6,POST /batch mixed tasks,200,75
1779032383057,Load Users 1-44,POST /batch mixed tasks,200,266
1779032382617,Load Users 1-32,POST /batch mixed tasks,200,714
1779032382691,Load Users 1-71,POST /batch mixed tasks,200,640
1779032383047,Load Users 1-10,POST /batch mixed tasks,200,300
1779032382733,Load Users 1-41,POST /batch mixed tasks,200,619
1779032382676,Load Users 1-67,POST /batch mixed tasks,200,679
1779032383158,Load Users 1-63,GET /work random mode,200,203
1779032382944,Load Users 1-35,POST /batch mixed tasks,200,417
1779032383099,Load Users 1-61,POST /batch mixed tasks,200,268
1779032383360,Load Users 1-91,GET /work random mode,200,7
1779032383361,Load Users 1-32,GET /work random mode,200,7
1779032383239,Load Users 1-47,POST /batch mixed tasks,200,139
1779032383156,Load Users 1-34,POST /batch mixed tasks,200,222
1779032383040,Load Users 1-2,GET /work random mode,200,341
1779032383187,Load Users 1-97,GET /work random mode,200,196
1779032383214,Load Users 1-81,POST /batch mixed tasks,200,181
1779032382041,Load Users 1-26,POST /batch mixed tasks,200,1364
1779032382362,Load Users 1-28,POST /batch mixed tasks,200,1043
1779032383261,Load Users 1-72,POST /batch mixed tasks,200,145
1779032383382,Load Users 1-19,GET /work random mode,200,27
1779032383290,Load Users 1-27,GET /work random mode,200,120
1779032382518,Load Users 1-83,GET /work random mode,200,898
1779032383148,Load Users 1-11,GET /work random mode,200,278
1779032382827,Load Users 1-7,POST /batch mixed tasks,200,607
1779032383234,Load Users 1-60,POST /batch mixed tasks,200,201
1779032383084,Load Users 1-75,POST /batch mixed tasks,200,355
1779032383327,Load Users 1-38,POST /batch mixed tasks,200,115
1779032383295,Load Users 1-25,POST /batch mixed tasks,200,152
1779032382790,Load Users 1-15,POST /batch mixed tasks,200,660
1779032383199,Load Users 1-90,GET /work random mode,200,258
1779032383027,Load Users 1-58,POST /batch mixed tasks,200,430
1779032382688,Load Users 1-24,GET /work random mode,200,770
1779032383077,Load Users 1-62,GET /work random mode,200,382
1779032382790,Load Users 1-33,POST /batch mixed tasks,200,682
1779032383441,Load Users 1-61,GET /work random mode,200,36
1779032383313,Load Users 1-45,POST /batch mixed tasks,200,165
1779032383080,Load Users 1-49,GET /work random mode,200,400
1779032383004,Load Users 1-30,GET /work random mode,200,476
1779032382790,Load Users 1-64,POST /batch mixed tasks,200,699
1779032382993,Load Users 1-53,GET /work random mode,200,509
1779032383269,Load Users 1-100,GET /work random mode,200,245
1779032383478,Load Users 1-71,GET /work random mode,200,38
1779032383373,Load Users 1-84,POST /batch mixed tasks,200,144
1779032382950,Load Users 1-42,POST /batch mixed tasks,200,574
1779032383480,Load Users 1-41,GET /work random mode,200,51
1779032382953,Load Users 1-8,GET /work random mode,200,580
1779032382764,Load Users 1-76,POST /batch mixed tasks,200,770
1779032383027,Load Users 1-51,POST /batch mixed tasks,200,511
1779032383168,Load Users 1-48,POST /batch mixed tasks,200,375
1779032383390,Load Users 1-36,POST /batch mixed tasks,200,171
1779032382824,Load Users 1-4,POST /batch mixed tasks,200,738
1779032383373,Load Users 1-95,GET /work random mode,200,195
1779032383262,Load Users 1-66,GET /work random mode,200,309
1779032383106,Load Users 1-85,POST /batch mixed tasks,200,475
1779032382603,Load Users 1-43,GET /work random mode,200,982
1779032383189,Load Users 1-93,POST /batch mixed tasks,200,399
1779032383578,Load Users 1-8,GET /work random mode,200,14
1779032383226,Load Users 1-50,POST /batch mixed tasks,200,369
1779032382939,Load Users 1-74,POST /batch mixed tasks,200,657
1779032383522,Load Users 1-58,GET /work random mode,200,77
1779032383472,Load Users 1-28,POST /batch mixed tasks,200,127
1779032383571,Load Users 1-75,GET /work random mode,200,29
1779032383324,Load Users 1-99,POST /batch mixed tasks,200,292
1779032383544,Load Users 1-26,GET /work random mode,200,86
1779032383319,Load Users 1-46,GET /work random mode,200,319
1779032383405,Load Users 1-1,POST /batch mixed tasks,200,239
1779032382862,Load Users 1-5,POST /batch mixed tasks,200,783
1779032383352,Load Users 1-70,POST /batch mixed tasks,200,295
1779032383645,Load Users 1-100,GET /work random mode,200,4
1779032383469,Load Users 1-6,GET /work random mode,200,200
1779032383476,Load Users 1-60,GET /work random mode,200,195
1779032383422,Load Users 1-44,POST /batch mixed tasks,200,254
1779032383563,Load Users 1-24,GET /work random mode,200,117
1779032383101,Load Users 1-82,POST /batch mixed tasks,200,580
1779032383462,Load Users 1-17,POST /batch mixed tasks,200,220
1779032382908,Load Users 1-94,GET /work random mode,200,775
1779032383537,Load Users 1-83,POST /batch mixed tasks,200,153
1779032383440,Load Users 1-35,POST /batch mixed tasks,200,250
1779032383463,Load Users 1-34,POST /batch mixed tasks,200,229
1779032383474,Load Users 1-91,POST /batch mixed tasks,200,222
1779032383080,Load Users 1-65,POST /batch mixed tasks,200,618
1779032383291,Load Users 1-22,POST /batch mixed tasks,200,408
1779032383587,Load Users 1-30,GET /work random mode,200,118
1779032383280,Load Users 1-13,POST /batch mixed tasks,200,426
1779032383613,Load Users 1-53,GET /work random mode,200,98
1779032383218,Load Users 1-14,POST /batch mixed tasks,200,494
1779032383539,Load Users 1-49,GET /work random mode,200,176
1779032383597,Load Users 1-62,GET /work random mode,200,120
1779032383159,Load Users 1-80,POST /batch mixed tasks,200,559
1779032383026,Load Users 1-40,POST /batch mixed tasks,200,697
1779032383578,Load Users 1-48,POST /batch mixed tasks,200,153
1779032383235,Load Users 1-86,POST /batch mixed tasks,200,502
1779032383599,Load Users 1-33,GET /work random mode,200,139
1779032383350,Load Users 1-37,GET /work random mode,200,389
1779032383156,Load Users 1-20,POST /batch mixed tasks,200,584
1779032382924,Load Users 1-21,GET /work random mode,200,817
1779032383681,Load Users 1-93,GET /work random mode,200,60
1779032383189,Load Users 1-98,POST /batch mixed tasks,200,557
1779032383650,Load Users 1-71,GET /work random mode,200,100
1779032383449,Load Users 1-32,GET /work random mode,200,301
1779032383390,Load Users 1-59,POST /batch mixed tasks,200,360
1779032382895,Load Users 1-68,GET /work random mode,200,856
1779032383548,Load Users 1-27,POST /batch mixed tasks,200,206
1779032383367,Load Users 1-29,GET /work random mode,200,398
1779032383479,Load Users 1-10,POST /batch mixed tasks,200,287
1779032383679,Load Users 1-36,GET /work random mode,200,88
1779032383029,Load Users 1-96,POST /batch mixed tasks,200,740
1779032383537,Load Users 1-64,POST /batch mixed tasks,200,232
1779032383720,Load Users 1-8,GET /work random mode,200,51
1779032383762,Load Users 1-91,GET /work random mode,200,16
1779032383349,Load Users 1-69,POST /batch mixed tasks,200,433
1779032383086,Load Users 1-52,POST /batch mixed tasks,200,699
1779032382901,Load Users 1-79,POST /batch mixed tasks,200,887
1779032383211,Load Users 1-18,POST /batch mixed tasks,200,580
1779032383476,Load Users 1-2,POST /batch mixed tasks,200,320
1779032383785,Load Users 1-1,GET /work random mode,200,11
1779032383066,Load Users 1-3,POST /batch mixed tasks,200,733
1779032383212,Load Users 1-54,GET /work random mode,200,587
1779032383545,Load Users 1-38,POST /batch mixed tasks,200,261
1779032383567,Load Users 1-84,POST /batch mixed tasks,200,243
1779032383807,Load Users 1-32,GET /work random mode,200,10
1779032383593,Load Users 1-51,GET /work random mode,200,226
1779032383433,Load Users 1-47,POST /batch mixed tasks,200,389
1779032383621,Load Users 1-43,POST /batch mixed tasks,200,202
1779032383641,Load Users 1-76,GET /work random mode,200,188
1779032383666,Load Users 1-58,GET /work random mode,200,164
1779032383601,Load Users 1-45,GET /work random mode,200,230
1779032383494,Load Users 1-19,GET /work random mode,200,342
1779032383731,Load Users 1-99,POST /batch mixed tasks,200,130
1779032382969,Load Users 1-12,GET /work random mode,200,897
1779032383839,Load Users 1-83,GET /work random mode,200,29
1779032383523,Load Users 1-97,POST /batch mixed tasks,200,346
1779032383166,Load Users 1-39,POST /batch mixed tasks,200,707
1779032383693,Load Users 1-46,POST /batch mixed tasks,200,183
1779032383424,Load Users 1-31,POST /batch mixed tasks,200,457
1779032383594,Load Users 1-61,GET /work random mode,200,287
1779032383809,Load Users 1-59,GET /work random mode,200,74
1779032383707,Load Users 1-5,GET /work random mode,200,180
1779032383769,Load Users 1-80,POST /batch mixed tasks,200,125
1779032383653,Load Users 1-66,POST /batch mixed tasks,200,254
1779032383538,Load Users 1-11,POST /batch mixed tasks,200,376
1779032383752,Load Users 1-24,POST /batch mixed tasks,200,170
1779032383380,Load Users 1-77,POST /batch mixed tasks,200,545
1779032383452,Load Users 1-88,POST /batch mixed tasks,200,476
1779032383918,Load Users 1-51,GET /work random mode,200,10
1779032383901,Load Users 1-45,GET /work random mode,200,38
1779032383820,Load Users 1-82,POST /batch mixed tasks,200,126
1779032383524,Load Users 1-90,GET /work random mode,200,426
1779032383911,Load Users 1-64,GET /work random mode,200,42
1779032383900,Load Users 1-3,GET /work random mode,200,58
1779032383692,Load Users 1-74,POST /batch mixed tasks,200,266
1779032383870,Load Users 1-8,GET /work random mode,200,90
1779032383776,Load Users 1-30,POST /batch mixed tasks,200,185
1779032383803,Load Users 1-98,POST /batch mixed tasks,200,161
1779032383794,Load Users 1-100,POST /batch mixed tasks,200,178
1779032383603,Load Users 1-4,GET /work random mode,200,373
1779032383933,Load Users 1-52,GET /work random mode,200,47
1779032383783,Load Users 1-53,POST /batch mixed tasks,200,202
1779032383843,Load Users 1-54,POST /batch mixed tasks,200,168
1779032383786,Load Users 1-60,POST /batch mixed tasks,200,229
1779032383956,Load Users 1-5,GET /work random mode,200,59
1779032383821,Load Users 1-69,POST /batch mixed tasks,200,196
1779032383876,Load Users 1-43,POST /batch mixed tasks,200,141
1779032383999,Load Users 1-80,GET /work random mode,200,18
1779032383337,Load Users 1-56,POST /batch mixed tasks,200,681
1779032383983,Load Users 1-82,GET /work random mode,200,39
1779032383928,Load Users 1-91,POST /batch mixed tasks,200,98
1779032383470,Load Users 1-72,POST /batch mixed tasks,200,556
1779032383633,Load Users 1-41,GET /work random mode,200,394
1779032383537,Load Users 1-7,POST /batch mixed tasks,200,491
1779032383866,Load Users 1-40,POST /batch mixed tasks,200,163
1779032383999,Load Users 1-12,GET /work random mode,200,32
1779032383945,Load Users 1-38,GET /work random mode,200,96
1779032384036,Load Users 1-88,GET /work random mode,200,9
1779032384019,Load Users 1-31,GET /work random mode,200,28
1779032383832,Load Users 1-22,GET /work random mode,200,217
1779032383926,Load Users 1-47,POST /batch mixed tasks,200,125
1779032383841,Load Users 1-29,POST /batch mixed tasks,200,210
1779032383830,Load Users 1-71,POST /batch mixed tasks,200,224
1779032383998,Load Users 1-59,GET /work random mode,200,57
1779032383779,Load Users 1-70,GET /work random mode,200,284
1779032383792,Load Users 1-14,POST /batch mixed tasks,200,272
1779032383949,Load Users 1-84,GET /work random mode,200,117
1779032383696,Load Users 1-85,GET /work random mode,200,375
1779032384054,Load Users 1-66,GET /work random mode,200,21
1779032383204,Load Users 1-23,POST /batch mixed tasks,200,874
1779032384053,Load Users 1-30,GET /work random mode,200,25
1779032383735,Load Users 1-50,POST /batch mixed tasks,200,346
1779032383943,Load Users 1-32,GET /work random mode,200,140
1779032384014,Load Users 1-61,GET /work random mode,200,72
1779032383876,Load Users 1-20,POST /batch mixed tasks,200,211
1779032383819,Load Users 1-27,POST /batch mixed tasks,200,283
1779032383865,Load Users 1-37,POST /batch mixed tasks,200,238
1779032383895,Load Users 1-68,GET /work random mode,200,209
1779032383674,Load Users 1-75,POST /batch mixed tasks,200,433
1779032384094,Load Users 1-43,GET /work random mode,200,19
1779032384122,Load Users 1-84,GET /work random mode,200,3
1779032383959,Load Users 1-46,POST /batch mixed tasks,200,171
1779032384095,Load Users 1-69,GET /work random mode,200,37
1779032383817,Load Users 1-93,POST /batch mixed tasks,200,315
1779032383950,Load Users 1-19,POST /batch mixed tasks,200,182
1779032383290,Load Users 1-57,GET /work random mode,200,856
1779032384086,Load Users 1-90,GET /work random mode,200,60
1779032384116,Load Users 1-7,GET /work random mode,200,30
1779032384037,Load Users 1-74,POST /batch mixed tasks,200,113
1779032383992,Load Users 1-39,GET /work random mode,200,163
1779032384075,Load Users 1-88,GET /work random mode,200,81
1779032383634,Load Users 1-42,POST /batch mixed tasks,200,524
1779032383326,Load Users 1-92,POST /batch mixed tasks,200,844
1779032383761,Load Users 1-44,POST /batch mixed tasks,200,410
1779032383527,Load Users 1-15,POST /batch mixed tasks,200,646
1779032383824,Load Users 1-48,POST /batch mixed tasks,200,354
1779032384155,Load Users 1-70,GET /work random mode,200,29
1779032384043,Load Users 1-53,POST /batch mixed tasks,200,142
1779032384171,Load Users 1-40,GET /work random mode,200,21
1779032383996,Load Users 1-98,POST /batch mixed tasks,200,202
1779032383715,Load Users 1-28,POST /batch mixed tasks,200,485
1779032383338,Load Users 1-89,POST /batch mixed tasks,200,864
1779032383987,Load Users 1-24,POST /batch mixed tasks,200,215
1779032383268,Load Users 1-16,POST /batch mixed tasks,200,938
1779032384214,Load Users 1-68,GET /work random mode,200,12
1779032383435,Load Users 1-63,GET /work random mode,200,798
1779032383876,Load Users 1-86,POST /batch mixed tasks,200,363
1779032383076,Load Users 1-73,POST /batch mixed tasks,200,1171
1779032383362,Load Users 1-78,GET /work random mode,200,886
1779032384085,Load Users 1-60,POST /batch mixed tasks,200,166
1779032383504,Load Users 1-25,POST /batch mixed tasks,200,752
1779032383830,Load Users 1-21,GET /work random mode,200,428
1779032384196,Load Users 1-66,POST /batch mixed tasks,200,65
1779032384063,Load Users 1-54,GET /work random mode,200,198
1779032383483,Load Users 1-67,GET /work random mode,200,778
1779032383789,Load Users 1-49,POST /batch mixed tasks,200,477
1779032384239,Load Users 1-90,GET /work random mode,200,34
1779032384091,Load Users 1-38,GET /work random mode,200,184
1779032382687,Load Users 1-55,GET /work random mode,200,1588
1779032384039,Load Users 1-11,GET /work random mode,200,237
1779032384085,Load Users 1-100,POST /batch mixed tasks,200,191
1779032383935,Load Users 1-76,POST /batch mixed tasks,200,345
1779032383511,Load Users 1-81,GET /work random mode,200,770
1779032384270,Load Users 1-44,GET /work random mode,200,13
1779032383891,Load Users 1-1,POST /batch mixed tasks,200,397
1779032384071,Load Users 1-64,GET /work random mode,200,218
1779032383609,Load Users 1-95,POST /batch mixed tasks,200,696
1779032383810,Load Users 1-35,POST /batch mixed tasks,200,511
1779032383806,Load Users 1-6,POST /batch mixed tasks,200,517
1779032383868,Load Users 1-79,POST /batch mixed tasks,200,460
1779032384312,Load Users 1-54,GET /work random mode,200,19
1779032383815,Load Users 1-94,GET /work random mode,200,528
1779032384195,Load Users 1-43,GET /work random mode,200,152
1779032383355,Load Users 1-87,POST /batch mixed tasks,200,994
1779032384145,Load Users 1-61,GET /work random mode,200,210
1779032384089,Load Users 1-71,GET /work random mode,200,266
1779032384356,Load Users 1-21,GET /work random mode,200,2
1779032384156,Load Users 1-22,GET /work random mode,200,202
1779032384260,Load Users 1-74,GET /work random mode,200,102
1779032384349,Load Users 1-95,GET /work random mode,200,33
1779032384210,Load Users 1-48,POST /batch mixed tasks,200,185
1779032384273,Load Users 1-46,POST /batch mixed tasks,200,137
1779032384159,Load Users 1-20,POST /batch mixed tasks,200,253
1779032384335,Load Users 1-90,GET /work random mode,200,78
1779032384018,Load Users 1-4,POST /batch mixed tasks,200,402
1779032384074,Load Users 1-45,POST /batch mixed tasks,200,348
1779032384188,Load Users 1-57,GET /work random mode,200,235
1779032384175,Load Users 1-91,GET /work random mode,200,262
1779032384127,Load Users 1-82,POST /batch mixed tasks,200,312
1779032384237,Load Users 1-42,GET /work random mode,200,204
1779032384200,Load Users 1-29,POST /batch mixed tasks,200,242
1779032384237,Load Users 1-92,POST /batch mixed tasks,200,207
1779032383856,Load Users 1-33,POST /batch mixed tasks,200,598
1779032384170,Load Users 1-72,POST /batch mixed tasks,200,288
1779032384104,Load Users 1-41,POST /batch mixed tasks,200,358
1779032384197,Load Users 1-85,POST /batch mixed tasks,200,267
1779032384052,Load Users 1-56,POST /batch mixed tasks,200,413
1779032384087,Load Users 1-52,POST /batch mixed tasks,200,380
1779032384433,Load Users 1-64,GET /work random mode,200,42
1779032383965,Load Users 1-83,GET /work random mode,200,511
1779032384235,Load Users 1-70,POST /batch mixed tasks,200,241
1779032384293,Load Users 1-15,POST /batch mixed tasks,200,186
1779032384391,Load Users 1-67,GET /work random mode,200,98
1779032384476,Load Users 1-46,GET /work random mode,200,16
1779032384276,Load Users 1-39,POST /batch mixed tasks,200,222
1779032384309,Load Users 1-86,POST /batch mixed tasks,200,190
1779032384224,Load Users 1-7,POST /batch mixed tasks,200,277
1779032384209,Load Users 1-50,GET /work random mode,200,293
1779032383803,Load Users 1-65,GET /work random mode,200,704
1779032384325,Load Users 1-1,POST /batch mixed tasks,200,186
1779032384198,Load Users 1-75,POST /batch mixed tasks,200,314
1779032383845,Load Users 1-10,POST /batch mixed tasks,200,669
1779032384347,Load Users 1-25,GET /work random mode,200,173
1779032384332,Load Users 1-63,GET /work random mode,200,191
1779032384057,Load Users 1-5,POST /batch mixed tasks,200,467
1779032384169,Load Users 1-59,POST /batch mixed tasks,200,357
1779032383990,Load Users 1-77,POST /batch mixed tasks,200,539
1779032384014,Load Users 1-97,POST /batch mixed tasks,200,517
1779032383795,Load Users 1-34,GET /work random mode,200,739
1779032384372,Load Users 1-55,GET /work random mode,200,164
1779032384166,Load Users 1-84,POST /batch mixed tasks,200,378
1779032383791,Load Users 1-13,POST /batch mixed tasks,200,754
1779032383307,Load Users 1-9,POST /batch mixed tasks,200,1240
1779032383914,Load Users 1-36,POST /batch mixed tasks,200,634
1779032383780,Load Users 1-17,GET /work random mode,200,769
1779032384162,Load Users 1-69,POST /batch mixed tasks,200,388
1779032383876,Load Users 1-2,POST /batch mixed tasks,200,675
1779032384320,Load Users 1-53,GET /work random mode,200,232
1779032384177,Load Users 1-23,POST /batch mixed tasks,200,380
1779032384544,Load Users 1-50,GET /work random mode,200,16
1779032384053,Load Users 1-80,POST /batch mixed tasks,200,512
1779032384134,Load Users 1-31,GET /work random mode,200,431
1779032384363,Load Users 1-60,GET /work random mode,200,210
1779032384206,Load Users 1-93,GET /work random mode,200,367
1779032384149,Load Users 1-27,POST /batch mixed tasks,200,424
1779032384385,Load Users 1-54,GET /work random mode,200,190
1779032384210,Load Users 1-88,POST /batch mixed tasks,200,374
1779032384577,Load Users 1-33,GET /work random mode,200,9
1779032384320,Load Users 1-44,POST /batch mixed tasks,200,266
1779032383875,Load Users 1-96,GET /work random mode,200,718
1779032384189,Load Users 1-32,POST /batch mixed tasks,200,411
1779032384590,Load Users 1-69,GET /work random mode,200,15
1779032384355,Load Users 1-49,GET /work random mode,200,251
1779032384437,Load Users 1-22,GET /work random mode,200,177
1779032384539,Load Users 1-39,GET /work random mode,200,77
1779032384185,Load Users 1-14,POST /batch mixed tasks,200,432
1779032384269,Load Users 1-16,POST /batch mixed tasks,200,358
1779032384403,Load Users 1-100,GET /work random mode,200,238
1779032384246,Load Users 1-40,POST /batch mixed tasks,200,406
1779032384522,Load Users 1-85,POST /batch mixed tasks,200,132
1779032384409,Load Users 1-43,POST /batch mixed tasks,200,252
1779032384325,Load Users 1-73,POST /batch mixed tasks,200,343
1779032384586,Load Users 1-2,GET /work random mode,200,84
1779032384233,Load Users 1-98,POST /batch mixed tasks,200,443
1779032384459,Load Users 1-48,GET /work random mode,200,223
1779032384438,Load Users 1-71,GET /work random mode,200,244
1779032384336,Load Users 1-28,POST /batch mixed tasks,200,350
1779032384101,Load Users 1-47,POST /batch mixed tasks,200,596
1779032384661,Load Users 1-80,GET /work random mode,200,38
1779032384535,Load Users 1-20,POST /batch mixed tasks,200,164
1779032384629,Load Users 1-44,GET /work random mode,200,74
1779032384635,Load Users 1-17,GET /work random mode,200,71
1779032384535,Load Users 1-15,GET /work random mode,200,180
1779032384503,Load Users 1-41,POST /batch mixed tasks,200,217
1779032384589,Load Users 1-82,GET /work random mode,200,135
1779032384633,Load Users 1-31,POST /batch mixed tasks,200,103
1779032384584,Load Users 1-72,POST /batch mixed tasks,200,152
1779032384478,Load Users 1-91,POST /batch mixed tasks,200,258
1779032384606,Load Users 1-50,POST /batch mixed tasks,200,132
1779032384548,Load Users 1-4,POST /batch mixed tasks,200,193
1779032384357,Load Users 1-35,POST /batch mixed tasks,200,386
1779032384542,Load Users 1-46,POST /batch mixed tasks,200,210
1779032384692,Load Users 1-40,GET /work random mode,200,60
1779032384705,Load Users 1-32,GET /work random mode,200,54
1779032384599,Load Users 1-9,POST /batch mixed tasks,200,166
1779032384429,Load Users 1-6,POST /batch mixed tasks,200,339
1779032384344,Load Users 1-24,POST /batch mixed tasks,200,425
1779032383798,Load Users 1-62,POST /batch mixed tasks,200,984
1779032384614,Load Users 1-1,GET /work random mode,200,168
1779032384278,Load Users 1-78,POST /batch mixed tasks,200,505
1779032384692,Load Users 1-53,POST /batch mixed tasks,200,99
1779032384754,Load Users 1-41,GET /work random mode,200,38
1779032384076,Load Users 1-3,GET /work random mode,200,728
1779032384360,Load Users 1-38,POST /batch mixed tasks,200,446
1779032384503,Load Users 1-90,POST /batch mixed tasks,200,303
1779032384658,Load Users 1-75,POST /batch mixed tasks,200,154
1779032384418,Load Users 1-21,POST /batch mixed tasks,200,399
1779032384778,Load Users 1-28,GET /work random mode,200,42
1779032384674,Load Users 1-27,GET /work random mode,200,147
1779032383928,Load Users 1-18,POST /batch mixed tasks,200,899
1779032384549,Load Users 1-70,POST /batch mixed tasks,200,280
1779032384482,Load Users 1-95,GET /work random mode,200,352
1779032384645,Load Users 1-34,POST /batch mixed tasks,200,190
1779032384644,Load Users 1-86,POST /batch mixed tasks,200,195
1779032384798,Load Users 1-35,GET /work random mode,200,46
1779032384740,Load Users 1-47,GET /work random mode,200,106
1779032384428,Load Users 1-94,POST /batch mixed tasks,200,426
1779032384800,Load Users 1-48,GET /work random mode,200,55
1779032384510,Load Users 1-52,POST /batch mixed tasks,200,352
1779032384527,Load Users 1-92,POST /batch mixed tasks,200,345
1779032384634,Load Users 1-84,GET /work random mode,200,239
1779032384481,Load Users 1-45,POST /batch mixed tasks,200,392
1779032384306,Load Users 1-66,POST /batch mixed tasks,200,570
1779032384205,Load Users 1-19,POST /batch mixed tasks,200,678
1779032384598,Load Users 1-56,GET /work random mode,200,287
1779032384838,Load Users 1-40,GET /work random mode,200,51
1779032384856,Load Users 1-41,GET /work random mode,200,40
1779032384349,Load Users 1-68,POST /batch mixed tasks,200,548
1779032384004,Load Users 1-8,POST /batch mixed tasks,200,896
1779032384888,Load Users 1-38,GET /work random mode,200,17
1779032384636,Load Users 1-67,POST /batch mixed tasks,200,271
1779032384758,Load Users 1-22,POST /batch mixed tasks,200,151
1779032384777,Load Users 1-17,POST /batch mixed tasks,200,133
1779032384739,Load Users 1-80,GET /work random mode,200,172
1779032384669,Load Users 1-63,POST /batch mixed tasks,200,245
1779032383938,Load Users 1-58,GET /work random mode,200,980
1779032384911,Load Users 1-6,GET /work random mode,200,10
1779032384739,Load Users 1-98,GET /work random mode,200,182
1779032384628,Load Users 1-25,GET /work random mode,200,296
1779032384277,Load Users 1-89,GET /work random mode,200,649
1779032384658,Load Users 1-93,POST /batch mixed tasks,200,275
1779032384908,Load Users 1-27,GET /work random mode,200,26
1779032384558,Load Users 1-64,POST /batch mixed tasks,200,386
1779032384421,Load Users 1-74,POST /batch mixed tasks,200,536
1779032384742,Load Users 1-44,POST /batch mixed tasks,200,221
1779032384959,Load Users 1-84,GET /work random mode,200,5
1779032384690,Load Users 1-88,GET /work random mode,200,280
1779032384355,Load Users 1-76,POST /batch mixed tasks,200,617
1779032384966,Load Users 1-95,GET /work random mode,200,8
1779032384906,Load Users 1-28,GET /work random mode,200,70
1779032384955,Load Users 1-66,GET /work random mode,200,24
1779032384887,Load Users 1-62,GET /work random mode,200,94
1779032384619,Load Users 1-7,GET /work random mode,200,370
1779032384799,Load Users 1-91,POST /batch mixed tasks,200,193
1779032384439,Load Users 1-79,GET /work random mode,200,555
1779032384692,Load Users 1-33,POST /batch mixed tasks,200,303
1779032384108,Load Users 1-30,GET /work random mode,200,889
1779032384985,Load Users 1-48,GET /work random mode,200,16
1779032384827,Load Users 1-20,POST /batch mixed tasks,200,175
1779032384856,Load Users 1-9,GET /work random mode,200,151
1779032384920,Load Users 1-45,GET /work random mode,200,91
1779032384639,Load Users 1-60,POST /batch mixed tasks,200,372
1779032384627,Load Users 1-59,POST /batch mixed tasks,200,386
1779032384645,Load Users 1-77,POST /batch mixed tasks,200,369
1779032384783,Load Users 1-4,POST /batch mixed tasks,200,247
1779032383978,Load Users 1-99,GET /work random mode,200,1053
1779032384938,Load Users 1-3,GET /work random mode,200,95
1779032384795,Load Users 1-71,GET /work random mode,200,245
1779032383967,Load Users 1-51,POST /batch mixed tasks,200,1075
1779032384401,Load Users 1-87,POST /batch mixed tasks,200,641
1779032384884,Load Users 1-90,POST /batch mixed tasks,200,161
1779032385040,Load Users 1-38,GET /work random mode,200,7
1779032385016,Load Users 1-80,GET /work random mode,200,31
1779032384875,Load Users 1-34,POST /batch mixed tasks,200,175
1779032384918,Load Users 1-21,GET /work random mode,200,133
1779032384958,Load Users 1-86,GET /work random mode,200,93
1779032385022,Load Users 1-68,GET /work random mode,200,29
1779032384767,Load Users 1-31,POST /batch mixed tasks,200,290
1779032384684,Load Users 1-23,POST /batch mixed tasks,200,379
1779032384686,Load Users 1-85,POST /batch mixed tasks,200,379
1779032384554,Load Users 1-5,GET /work random mode,200,515
1779032384800,Load Users 1-2,POST /batch mixed tasks,200,286
1779032384864,Load Users 1-53,POST /batch mixed tasks,200,223
1779032384766,Load Users 1-15,GET /work random mode,200,325
1779032383772,Load Users 1-26,GET /work random mode,200,1320
1779032384623,Load Users 1-10,POST /batch mixed tasks,200,475
1779032384800,Load Users 1-73,POST /batch mixed tasks,200,298
1779032384656,Load Users 1-69,GET /work random mode,200,447
1779032384560,Load Users 1-42,GET /work random mode,200,548
1779032384687,Load Users 1-13,POST /batch mixed tasks,200,425
1779032384540,Load Users 1-65,GET /work random mode,200,594
1779032384785,Load Users 1-50,POST /batch mixed tasks,200,349
1779032384701,Load Users 1-49,POST /batch mixed tasks,200,435
1779032384747,Load Users 1-16,POST /batch mixed tasks,200,389
1779032384798,Load Users 1-72,POST /batch mixed tasks,200,339
1779032384927,Load Users 1-94,POST /batch mixed tasks,200,214
1779032384609,Load Users 1-55,POST /batch mixed tasks,200,538
1779032385120,Load Users 1-87,GET /work random mode,200,29
1779032384948,Load Users 1-70,POST /batch mixed tasks,200,207
1779032384144,Load Users 1-37,POST /batch mixed tasks,200,1013
1779032385034,Load Users 1-33,GET /work random mode,200,124
1779032385114,Load Users 1-45,GET /work random mode,200,62
1779032384877,Load Users 1-32,GET /work random mode,200,309
1779032384804,Load Users 1-43,POST /batch mixed tasks,200,387
1779032385189,Load Users 1-21,GET /work random mode,200,8
1779032385018,Load Users 1-27,POST /batch mixed tasks,200,191
1779032385196,Load Users 1-37,GET /work random mode,200,16
1779032384714,Load Users 1-14,POST /batch mixed tasks,200,506
1779032385092,Load Users 1-20,GET /work random mode,200,129
1779032385175,Load Users 1-31,GET /work random mode,200,49
1779032384987,Load Users 1-63,POST /batch mixed tasks,200,243
1779032384472,Load Users 1-61,POST /batch mixed tasks,200,758
1779032385061,Load Users 1-74,GET /work random mode,200,171
1779032384961,Load Users 1-35,GET /work random mode,200,273
1779032385124,Load Users 1-59,GET /work random mode,200,110
1779032384988,Load Users 1-47,POST /batch mixed tasks,200,250
1779032385122,Load Users 1-95,GET /work random mode,200,127
1779032385227,Load Users 1-70,GET /work random mode,200,27
1779032385029,Load Users 1-56,POST /batch mixed tasks,200,225
1779032384368,Load Users 1-11,POST /batch mixed tasks,200,889
1779032384894,Load Users 1-24,POST /batch mixed tasks,200,364
1779032384965,Load Users 1-58,GET /work random mode,200,294
1779032385170,Load Users 1-34,GET /work random mode,200,91
1779032384642,Load Users 1-36,POST /batch mixed tasks,200,620
1779032384656,Load Users 1-97,POST /batch mixed tasks,200,608
1779032385049,Load Users 1-93,POST /batch mixed tasks,200,217
1779032385196,Load Users 1-53,GET /work random mode,200,78
1779032384967,Load Users 1-6,GET /work random mode,200,313
1779032385274,Load Users 1-16,GET /work random mode,200,8
1779032385134,Load Users 1-38,GET /work random mode,200,151
1779032384957,Load Users 1-22,POST /batch mixed tasks,200,332
1779032384426,Load Users 1-81,GET /work random mode,200,869
1779032385046,Load Users 1-89,POST /batch mixed tasks,200,253
1779032385129,Load Users 1-10,GET /work random mode,200,171
1779032385286,Load Users 1-70,GET /work random mode,200,17
1779032384934,Load Users 1-92,POST /batch mixed tasks,200,374
1779032384747,Load Users 1-39,POST /batch mixed tasks,200,561
1779032385091,Load Users 1-48,POST /batch mixed tasks,200,217
1779032385189,Load Users 1-87,GET /work random mode,200,127
1779032385089,Load Users 1-80,GET /work random mode,200,228
1779032385306,Load Users 1-34,GET /work random mode,200,11
1779032385082,Load Users 1-51,POST /batch mixed tasks,200,238
1779032385053,Load Users 1-98,POST /batch mixed tasks,200,268
1779032384947,Load Users 1-75,GET /work random mode,200,384
1779032385093,Load Users 1-86,POST /batch mixed tasks,200,240
1779032385282,Load Users 1-33,GET /work random mode,200,62
1779032384747,Load Users 1-100,GET /work random mode,200,597
1779032385041,Load Users 1-76,POST /batch mixed tasks,200,306
1779032385061,Load Users 1-28,POST /batch mixed tasks,200,294
1779032384596,Load Users 1-83,POST /batch mixed tasks,200,760
1779032385328,Load Users 1-35,GET /work random mode,200,30
1779032385015,Load Users 1-41,POST /batch mixed tasks,200,350
1779032385339,Load Users 1-39,GET /work random mode,200,35
1779032385206,Load Users 1-49,GET /work random mode,200,172
1779032385043,Load Users 1-64,POST /batch mixed tasks,200,350
1779032385108,Load Users 1-88,POST /batch mixed tasks,200,285
1779032385371,Load Users 1-31,GET /work random mode,200,25
1779032385142,Load Users 1-9,GET /work random mode,200,255
1779032385114,Load Users 1-3,POST /batch mixed tasks,200,284
1779032385098,Load Users 1-85,GET /work random mode,200,303
1779032385368,Load Users 1-80,GET /work random mode,200,34
1779032385359,Load Users 1-93,GET /work random mode,200,60
1779032385227,Load Users 1-26,GET /work random mode,200,193
1779032384145,Load Users 1-12,GET /work random mode,200,1276
1779032385020,Load Users 1-84,POST /batch mixed tasks,200,405
1779032385418,Load Users 1-81,GET /work random mode,200,20
1779032384957,Load Users 1-40,POST /batch mixed tasks,200,482
1779032385104,Load Users 1-44,POST /batch mixed tasks,200,343
1779032385424,Load Users 1-88,GET /work random mode,200,32
1779032385036,Load Users 1-8,POST /batch mixed tasks,200,422
1779032385448,Load Users 1-76,GET /work random mode,200,13
1779032384534,Load Users 1-29,POST /batch mixed tasks,200,928
1779032385170,Load Users 1-2,POST /batch mixed tasks,200,298
1779032385320,Load Users 1-61,GET /work random mode,200,150
1779032384621,Load Users 1-54,POST /batch mixed tasks,200,852
1779032385102,Load Users 1-90,POST /batch mixed tasks,200,372
1779032385205,Load Users 1-15,GET /work random mode,200,272
1779032385464,Load Users 1-49,GET /work random mode,200,13
1779032385443,Load Users 1-51,GET /work random mode,200,37
1779032385240,Load Users 1-69,GET /work random mode,200,253
1779032385146,Load Users 1-13,POST /batch mixed tasks,200,349
1779032385157,Load Users 1-71,POST /batch mixed tasks,200,347
1779032385343,Load Users 1-58,GET /work random mode,200,162
1779032385265,Load Users 1-14,POST /batch mixed tasks,200,243
1779032385135,Load Users 1-30,POST /batch mixed tasks,200,374
1779032385284,Load Users 1-55,POST /batch mixed tasks,200,225
1779032385315,Load Users 1-37,GET /work random mode,200,198
1779032385154,Load Users 1-68,GET /work random mode,200,367
1779032385352,Load Users 1-10,POST /batch mixed tasks,200,170
1779032385132,Load Users 1-4,POST /batch mixed tasks,200,393
1779032385108,Load Users 1-91,POST /batch mixed tasks,200,417
1779032385320,Load Users 1-63,POST /batch mixed tasks,200,207
1779032385480,Load Users 1-26,POST /batch mixed tasks,200,51
1779032385519,Load Users 1-9,GET /work random mode,200,14
1779032385419,Load Users 1-70,POST /batch mixed tasks,200,143
1779032385268,Load Users 1-43,POST /batch mixed tasks,200,295
1779032385217,Load Users 1-73,GET /work random mode,200,351
1779032385453,Load Users 1-92,GET /work random mode,200,115
1779032385021,Load Users 1-7,POST /batch mixed tasks,200,548
1779032385162,Load Users 1-5,POST /batch mixed tasks,200,408
1779032384979,Load Users 1-19,POST /batch mixed tasks,200,593
1779032385417,Load Users 1-83,POST /batch mixed tasks,200,155
1779032385567,Load Users 1-81,GET /work random mode,200,11
1779032385122,Load Users 1-77,POST /batch mixed tasks,200,459
1779032385572,Load Users 1-69,GET /work random mode,200,9
1779032385244,Load Users 1-32,POST /batch mixed tasks,200,339
1779032385268,Load Users 1-20,POST /batch mixed tasks,200,319
1779032385349,Load Users 1-6,POST /batch mixed tasks,200,258
1779032385111,Load Users 1-66,POST /batch mixed tasks,200,502
1779032385134,Load Users 1-60,POST /batch mixed tasks,200,479
1779032385599,Load Users 1-29,GET /work random mode,200,20
1779032385516,Load Users 1-31,POST /batch mixed tasks,200,106
1779032385603,Load Users 1-68,GET /work random mode,200,21
1779032384464,Load Users 1-57,POST /batch mixed tasks,200,1162
1779032384715,Load Users 1-96,GET /work random mode,200,917
1779032385370,Load Users 1-22,GET /work random mode,200,271
1779032385097,Load Users 1-79,POST /batch mixed tasks,200,547
1779032385353,Load Users 1-53,GET /work random mode,200,299
1779032385505,Load Users 1-40,GET /work random mode,200,149
1779032385559,Load Users 1-63,GET /work random mode,200,95
1779032385440,Load Users 1-75,GET /work random mode,200,214
1779032385599,Load Users 1-49,GET /work random mode,200,57
1779032384972,Load Users 1-67,GET /work random mode,200,685
1779032385085,Load Users 1-99,POST /batch mixed tasks,200,574
1779032385052,Load Users 1-25,GET /work random mode,200,607
1779032385386,Load Users 1-100,POST /batch mixed tasks,200,285
1779032385329,Load Users 1-16,POST /batch mixed tasks,200,348
1779032384875,Load Users 1-18,GET /work random mode,200,802
1779032385164,Load Users 1-42,GET /work random mode,200,523
1779032384816,Load Users 1-1,POST /batch mixed tasks,200,873
1779032385093,Load Users 1-62,GET /work random mode,200,600
1779032385382,Load Users 1-36,POST /batch mixed tasks,200,319
1779032385126,Load Users 1-23,POST /batch mixed tasks,200,578
1779032385539,Load Users 1-76,POST /batch mixed tasks,200,168
1779032385630,Load Users 1-37,POST /batch mixed tasks,200,80
1779032385689,Load Users 1-81,GET /work random mode,200,26
1779032385414,Load Users 1-86,POST /batch mixed tasks,200,303
1779032385704,Load Users 1-67,GET /work random mode,200,19
1779032385604,Load Users 1-73,POST /batch mixed tasks,200,124
1779032385457,Load Users 1-12,POST /batch mixed tasks,200,276
1779032385242,Load Users 1-50,POST /batch mixed tasks,200,493
1779032385707,Load Users 1-92,GET /work random mode,200,39
1779032385710,Load Users 1-57,GET /work random mode,200,36
1779032385361,Load Users 1-56,POST /batch mixed tasks,200,387
1779032385723,Load Users 1-63,GET /work random mode,200,29
1779032385691,Load Users 1-96,GET /work random mode,200,63
1779032385753,Load Users 1-31,GET /work random mode,200,13
1779032384758,Load Users 1-82,GET /work random mode,200,1008
1779032385734,Load Users 1-53,GET /work random mode,200,45
1779032385585,Load Users 1-61,GET /work random mode,200,195
1779032385771,Load Users 1-40,GET /work random mode,200,16
1779032385410,Load Users 1-39,GET /work random mode,200,378
1779032385536,Load Users 1-3,POST /batch mixed tasks,200,263
1779032385439,Load Users 1-34,GET /work random mode,200,370
1779032385512,Load Users 1-41,POST /batch mixed tasks,200,300
1779032385349,Load Users 1-95,POST /batch mixed tasks,200,465
1779032385365,Load Users 1-38,GET /work random mode,200,456
1779032385563,Load Users 1-30,POST /batch mixed tasks,200,263
1779032385619,Load Users 1-5,GET /work random mode,200,213
1779032385386,Load Users 1-97,GET /work random mode,200,449
1779032385568,Load Users 1-93,POST /batch mixed tasks,200,271
1779032385828,Load Users 1-36,GET /work random mode,200,18
1779032385547,Load Users 1-90,GET /work random mode,200,308
1779032385409,Load Users 1-89,GET /work random mode,200,450
1779032385674,Load Users 1-91,GET /work random mode,200,187
1779032385839,Load Users 1-50,GET /work random mode,200,23
1779032385705,Load Users 1-22,POST /batch mixed tasks,200,160
1779032385748,Load Users 1-75,POST /batch mixed tasks,200,120
1779032385822,Load Users 1-56,GET /work random mode,200,47
1779032385422,Load Users 1-33,POST /batch mixed tasks,200,450
1779032385809,Load Users 1-62,GET /work random mode,200,64
1779032385304,Load Users 1-27,POST /batch mixed tasks,200,571
1779032385692,Load Users 1-69,POST /batch mixed tasks,200,196
1779032385636,Load Users 1-55,GET /work random mode,200,254
1779032385655,Load Users 1-9,POST /batch mixed tasks,200,236
1779032385627,Load Users 1-4,POST /batch mixed tasks,200,268
1779032385363,Load Users 1-24,POST /batch mixed tasks,200,537
1779032385761,Load Users 1-18,GET /work random mode,200,140
1779032385636,Load Users 1-14,GET /work random mode,200,265
1779032385774,Load Users 1-12,GET /work random mode,200,130
1779032385516,Load Users 1-51,GET /work random mode,200,390
1779032385258,Load Users 1-65,POST /batch mixed tasks,200,658
1779032385338,Load Users 1-11,GET /work random mode,200,580
1779032385772,Load Users 1-79,POST /batch mixed tasks,200,150
1779032385697,Load Users 1-70,POST /batch mixed tasks,200,230
1779032385910,Load Users 1-22,GET /work random mode,200,19
1779032384813,Load Users 1-78,GET /work random mode,200,1117
1779032385785,Load Users 1-96,GET /work random mode,200,156
1779032384935,Load Users 1-52,GET /work random mode,200,1007
1779032385517,Load Users 1-84,POST /batch mixed tasks,200,426
1779032385767,Load Users 1-37,GET /work random mode,200,179
1779032385633,Load Users 1-26,GET /work random mode,200,313
1779032385567,Load Users 1-2,POST /batch mixed tasks,200,380
1779032385749,Load Users 1-68,GET /work random mode,200,198
1779032385270,Load Users 1-47,POST /batch mixed tasks,200,681
1779032385936,Load Users 1-14,GET /work random mode,200,16
1779032385518,Load Users 1-44,POST /batch mixed tasks,200,451
1779032385683,Load Users 1-7,POST /batch mixed tasks,200,296
1779032385974,Load Users 1-84,GET /work random mode,200,14
1779032385926,Load Users 1-95,GET /work random mode,200,66
1779032385909,Load Users 1-62,GET /work random mode,200,90
1779032385978,Load Users 1-90,GET /work random mode,200,26
1779032385255,Load Users 1-45,POST /batch mixed tasks,200,751
1779032385953,Load Users 1-38,GET /work random mode,200,55
1779032385421,Load Users 1-98,POST /batch mixed tasks,200,597
1779032385796,Load Users 1-16,POST /batch mixed tasks,200,226
1779032385829,Load Users 1-81,GET /work random mode,200,202
1779032385008,Load Users 1-17,GET /work random mode,200,1030
1779032386027,Load Users 1-68,GET /work random mode,200,11
1779032385768,Load Users 1-76,POST /batch mixed tasks,200,272
1779032385614,Load Users 1-19,POST /batch mixed tasks,200,427
1779032385430,Load Users 1-64,POST /batch mixed tasks,200,615
1779032385932,Load Users 1-50,GET /work random mode,200,116
1779032385509,Load Users 1-15,POST /batch mixed tasks,200,541
1779032385649,Load Users 1-58,POST /batch mixed tasks,200,407
1779032385942,Load Users 1-3,POST /batch mixed tasks,200,115
1779032385523,Load Users 1-80,POST /batch mixed tasks,200,536
1779032385644,Load Users 1-43,POST /batch mixed tasks,200,417
1779032385463,Load Users 1-28,POST /batch mixed tasks,200,601
1779032385818,Load Users 1-100,GET /work random mode,200,248
1779032385859,Load Users 1-34,GET /work random mode,200,207
1779032385603,Load Users 1-10,POST /batch mixed tasks,200,466
1779032385973,Load Users 1-75,GET /work random mode,200,102
1779032385877,Load Users 1-53,POST /batch mixed tasks,200,200
1779032385796,Load Users 1-86,GET /work random mode,200,290
1779032385977,Load Users 1-11,POST /batch mixed tasks,200,111
1779032385924,Load Users 1-91,GET /work random mode,200,169
1779032385675,Load Users 1-83,POST /batch mixed tasks,200,419
1779032385857,Load Users 1-73,POST /batch mixed tasks,200,238
1779032385899,Load Users 1-97,GET /work random mode,200,196
1779032385970,Load Users 1-70,GET /work random mode,200,136
1779032386007,Load Users 1-12,GET /work random mode,200,102
1779032385650,Load Users 1-71,GET /work random mode,200,462
1779032386050,Load Users 1-52,GET /work random mode,200,63
1779032385487,Load Users 1-88,GET /work random mode,200,627
1779032386087,Load Users 1-7,GET /work random mode,200,28
1779032385500,Load Users 1-35,GET /work random mode,200,623
1779032386120,Load Users 1-86,GET /work random mode,200,7
1779032386005,Load Users 1-9,GET /work random mode,200,124
1779032385999,Load Users 1-51,GET /work random mode,200,137
1779032385755,Load Users 1-67,GET /work random mode,200,382
1779032385969,Load Users 1-18,POST /batch mixed tasks,200,173
1779032385757,Load Users 1-49,POST /batch mixed tasks,200,388
1779032385374,Load Users 1-74,POST /batch mixed tasks,200,773
1779032385583,Load Users 1-54,POST /batch mixed tasks,200,564
1779032386144,Load Users 1-88,GET /work random mode,200,7
1779032385741,Load Users 1-42,GET /work random mode,200,416
1779032385170,Load Users 1-72,POST /batch mixed tasks,200,988
1779032385284,Load Users 1-94,POST /batch mixed tasks,200,876
1779032385980,Load Users 1-65,GET /work random mode,200,191
1779032386094,Load Users 1-98,GET /work random mode,200,77
1779032386138,Load Users 1-100,GET /work random mode,200,35
1779032385726,Load Users 1-32,POST /batch mixed tasks,200,448
1779032385730,Load Users 1-20,GET /work random mode,200,444
1779032386038,Load Users 1-24,POST /batch mixed tasks,200,136
1779032385686,Load Users 1-6,GET /work random mode,200,492
1779032385450,Load Users 1-85,POST /batch mixed tasks,200,736
1779032385763,Load Users 1-99,GET /work random mode,200,424
1779032386023,Load Users 1-55,POST /batch mixed tasks,200,168
1779032385547,Load Users 1-13,POST /batch mixed tasks,200,644
1779032385951,Load Users 1-69,POST /batch mixed tasks,200,247
1779032386193,Load Users 1-42,GET /work random mode,200,7
1779032385746,Load Users 1-60,GET /work random mode,200,456
1779032386028,Load Users 1-26,GET /work random mode,200,186
1779032386105,Load Users 1-62,POST /batch mixed tasks,200,114
1779032385915,Load Users 1-89,POST /batch mixed tasks,200,305
1779032386197,Load Users 1-51,GET /work random mode,200,24
1779032386181,Load Users 1-75,GET /work random mode,200,41
1779032385944,Load Users 1-30,GET /work random mode,200,280
1779032385958,Load Users 1-4,GET /work random mode,200,271
1779032385850,Load Users 1-40,GET /work random mode,200,383
1779032385459,Load Users 1-87,GET /work random mode,200,786
1779032386001,Load Users 1-78,POST /batch mixed tasks,200,247
1779032385593,Load Users 1-8,POST /batch mixed tasks,200,657
1779032385859,Load Users 1-39,GET /work random mode,200,392
1779032386138,Load Users 1-95,GET /work random mode,200,116
1779032386198,Load Users 1-3,GET /work random mode,200,60
1779032385885,Load Users 1-82,POST /batch mixed tasks,200,377
1779032385987,Load Users 1-47,POST /batch mixed tasks,200,276
1779032386169,Load Users 1-7,GET /work random mode,200,96
1779032385775,Load Users 1-1,POST /batch mixed tasks,200,499
1779032385993,Load Users 1-79,POST /batch mixed tasks,200,285
1779032386182,Load Users 1-64,GET /work random mode,200,106
1779032386240,Load Users 1-20,GET /work random mode,200,55
1779032386259,Load Users 1-54,GET /work random mode,200,43
1779032386265,Load Users 1-60,GET /work random mode,200,42
1779032386153,Load Users 1-80,POST /batch mixed tasks,200,156
1779032386032,Load Users 1-44,GET /work random mode,200,278
1779032385967,Load Users 1-56,POST /batch mixed tasks,200,345
1779032386299,Load Users 1-72,GET /work random mode,200,27
1779032385808,Load Users 1-31,POST /batch mixed tasks,200,528
1779032386292,Load Users 1-26,GET /work random mode,200,51
1779032386187,Load Users 1-68,POST /batch mixed tasks,200,160
1779032385808,Load Users 1-23,GET /work random mode,200,542
1779032385764,Load Users 1-29,POST /batch mixed tasks,200,596
1779032386270,Load Users 1-24,GET /work random mode,200,94
1779032386349,Load Users 1-3,GET /work random mode,200,15
1779032386016,Load Users 1-33,GET /work random mode,200,356
1779032386126,Load Users 1-19,GET /work random mode,200,248
1779032386127,Load Users 1-17,GET /work random mode,200,257
1779032386180,Load Users 1-12,POST /batch mixed tasks,200,210
1779032386392,Load Users 1-54,GET /work random mode,200,2
1779032386335,Load Users 1-13,POST /batch mixed tasks,200,60
1779032386393,Load Users 1-78,GET /work random mode,200,3
1779032386301,Load Users 1-42,POST /batch mixed tasks,200,100
1779032386182,Load Users 1-91,GET /work random mode,200,219
1779032385894,Load Users 1-63,POST /batch mixed tasks,200,510
1779032386385,Load Users 1-47,GET /work random mode,200,22
1779032386040,Load Users 1-96,GET /work random mode,200,375
1779032385991,Load Users 1-27,POST /batch mixed tasks,200,425
1779032386176,Load Users 1-15,POST /batch mixed tasks,200,242
1779032386317,Load Users 1-85,POST /batch mixed tasks,200,102
1779032386324,Load Users 1-69,GET /work random mode,200,96
1779032385999,Load Users 1-22,POST /batch mixed tasks,200,424
1779032384856,Load Users 1-46,POST /batch mixed tasks,200,1569
1779032386196,Load Users 1-10,GET /work random mode,200,232
1779032386184,Load Users 1-49,POST /batch mixed tasks,200,253
1779032385654,Load Users 1-66,POST /batch mixed tasks,200,786
1779032386376,Load Users 1-8,GET /work random mode,200,68
1779032385946,Load Users 1-5,GET /work random mode,200,501
1779032386080,Load Users 1-37,POST /batch mixed tasks,200,380
1779032386278,Load Users 1-4,POST /batch mixed tasks,200,186
1779032386148,Load Users 1-52,POST /batch mixed tasks,200,317
1779032386229,Load Users 1-88,GET /work random mode,200,246
1779032386470,Load Users 1-23,GET /work random mode,200,6
1779032385951,Load Users 1-41,POST /batch mixed tasks,200,535
1779032386229,Load Users 1-74,POST /batch mixed tasks,200,263
1779032386250,Load Users 1-32,GET /work random mode,200,243
1779032386061,Load Users 1-45,POST /batch mixed tasks,200,433
1779032386246,Load Users 1-100,POST /batch mixed tasks,200,248
1779032386104,Load Users 1-76,GET /work random mode,200,399
1779032385951,Load Users 1-93,POST /batch mixed tasks,200,561
1779032386197,Load Users 1-11,POST /batch mixed tasks,200,316
1779032385716,Load Users 1-25,POST /batch mixed tasks,200,797
1779032386228,Load Users 1-83,GET /work random mode,200,293
1779032386366,Load Users 1-87,POST /batch mixed tasks,200,156
1779032385780,Load Users 1-57,POST /batch mixed tasks,200,747
1779032385927,Load Users 1-61,POST /batch mixed tasks,200,600
1779032386057,Load Users 1-84,POST /batch mixed tasks,200,484
1779032386235,Load Users 1-86,POST /batch mixed tasks,200,313
1779032386198,Load Users 1-70,GET /work random mode,200,359
1779032386540,Load Users 1-22,GET /work random mode,200,18
1779032386453,Load Users 1-60,GET /work random mode,200,109
1779032386554,Load Users 1-15,GET /work random mode,200,13
1779032386410,Load Users 1-56,POST /batch mixed tasks,200,160
1779032386257,Load Users 1-98,GET /work random mode,200,319
1779032386148,Load Users 1-16,POST /batch mixed tasks,200,436
1779032386271,Load Users 1-99,POST /batch mixed tasks,200,321
1779032386590,Load Users 1-84,GET /work random mode,200,4
1779032386152,Load Users 1-38,POST /batch mixed tasks,200,443
1779032386335,Load Users 1-7,GET /work random mode,200,262
1779032386411,Load Users 1-1,GET /work random mode,200,189
1779032386556,Load Users 1-96,GET /work random mode,200,64
1779032385704,Load Users 1-77,POST /batch mixed tasks,200,919
1779032386306,Load Users 1-94,POST /batch mixed tasks,200,318
1779032386214,Load Users 1-67,POST /batch mixed tasks,200,417
1779032386542,Load Users 1-37,GET /work random mode,200,99
1779032386522,Load Users 1-49,GET /work random mode,200,120
1779032386475,Load Users 1-46,GET /work random mode,200,168
1779032386327,Load Users 1-82,POST /batch mixed tasks,200,317
1779032386195,Load Users 1-43,POST /batch mixed tasks,200,457
1779032386347,Load Users 1-20,POST /batch mixed tasks,200,307
1779032386154,Load Users 1-34,POST /batch mixed tasks,200,507
1779032386525,Load Users 1-47,GET /work random mode,200,137
1779032386479,Load Users 1-19,POST /batch mixed tasks,200,186
1779032386650,Load Users 1-38,GET /work random mode,200,28
1779032386642,Load Users 1-56,GET /work random mode,200,38
1779032386511,Load Users 1-17,GET /work random mode,200,172
1779032386293,Load Users 1-55,POST /batch mixed tasks,200,396
1779032386351,Load Users 1-62,POST /batch mixed tasks,200,339
1779032386297,Load Users 1-30,POST /batch mixed tasks,200,393
1779032386297,Load Users 1-51,POST /batch mixed tasks,200,400
1779032385342,Load Users 1-21,POST /batch mixed tasks,200,1355
1779032386485,Load Users 1-63,POST /batch mixed tasks,200,218
1779032385381,Load Users 1-59,POST /batch mixed tasks,200,1323
1779032386493,Load Users 1-29,POST /batch mixed tasks,200,211
1779032386307,Load Users 1-75,POST /batch mixed tasks,200,407
1779032386217,Load Users 1-35,GET /work random mode,200,498
1779032386061,Load Users 1-14,POST /batch mixed tasks,200,659
1779032386434,Load Users 1-12,GET /work random mode,200,289
1779032386515,Load Users 1-23,POST /batch mixed tasks,200,210
1779032386192,Load Users 1-53,POST /batch mixed tasks,200,533
1779032386707,Load Users 1-49,GET /work random mode,200,23
1779032386612,Load Users 1-74,POST /batch mixed tasks,200,123
1779032386716,Load Users 1-99,GET /work random mode,200,20
1779032386711,Load Users 1-15,GET /work random mode,200,38
1779032386246,Load Users 1-9,POST /batch mixed tasks,200,504
1779032386563,Load Users 1-66,POST /batch mixed tasks,200,188
1779032386510,Load Users 1-85,POST /batch mixed tasks,200,242
1779032385822,Load Users 1-92,POST /batch mixed tasks,200,932
1779032386244,Load Users 1-73,POST /batch mixed tasks,200,511
1779032386240,Load Users 1-97,POST /batch mixed tasks,200,517
1779032386346,Load Users 1-44,POST /batch mixed tasks,200,412
1779032386757,Load Users 1-14,GET /work random mode,200,7
1779032386615,Load Users 1-76,POST /batch mixed tasks,200,150
1779032386451,Load Users 1-3,POST /batch mixed tasks,200,319
1779032386666,Load Users 1-67,POST /batch mixed tasks,200,104
1779032386590,Load Users 1-22,POST /batch mixed tasks,200,185
1779032386752,Load Users 1-55,GET /work random mode,200,25
1779032385986,Load Users 1-36,POST /batch mixed tasks,200,791
1779032386518,Load Users 1-54,GET /work random mode,200,262
1779032386438,Load Users 1-24,GET /work random mode,200,346
1779032386186,Load Users 1-28,POST /batch mixed tasks,200,605
1779032386202,Load Users 1-65,POST /batch mixed tasks,200,590
1779032386782,Load Users 1-51,GET /work random mode,200,13
1779032386214,Load Users 1-6,GET /work random mode,200,583
1779032386174,Load Users 1-18,POST /batch mixed tasks,200,627
1779032386714,Load Users 1-82,GET /work random mode,200,89
1779032386525,Load Users 1-5,GET /work random mode,200,279
1779032386475,Load Users 1-68,POST /batch mixed tasks,200,330
1779032386525,Load Users 1-27,POST /batch mixed tasks,200,284
1779032386453,Load Users 1-80,POST /batch mixed tasks,200,356
1779032386533,Load Users 1-32,GET /work random mode,200,288
1779032386555,Load Users 1-45,GET /work random mode,200,271
1779032386128,Load Users 1-81,POST /batch mixed tasks,200,713
1779032386828,Load Users 1-97,GET /work random mode,200,16
1779032386715,Load Users 1-1,POST /batch mixed tasks,200,133
1779032386087,Load Users 1-90,POST /batch mixed tasks,200,762
1779032386749,Load Users 1-62,POST /batch mixed tasks,200,108
1779032386542,Load Users 1-10,POST /batch mixed tasks,200,320
1779032386594,Load Users 1-87,GET /work random mode,200,268
1779032386344,Load Users 1-64,POST /batch mixed tasks,200,525
1779032386636,Load Users 1-100,GET /work random mode,200,233
1779032386458,Load Users 1-69,GET /work random mode,200,420
1779032386668,Load Users 1-94,GET /work random mode,200,212
1779032386657,Load Users 1-60,POST /batch mixed tasks,200,233
1779032386528,Load Users 1-91,GET /work random mode,200,370
1779032386875,Load Users 1-81,GET /work random mode,200,27
1779032386754,Load Users 1-75,GET /work random mode,200,149
1779032386770,Load Users 1-74,POST /batch mixed tasks,200,135
1779032386200,Load Users 1-58,GET /work random mode,200,705
1779032386718,Load Users 1-34,POST /batch mixed tasks,200,188
1779032386725,Load Users 1-37,GET /work random mode,200,185
1779032386667,Load Users 1-57,POST /batch mixed tasks,200,245
1779032386767,Load Users 1-96,GET /work random mode,200,162
1779032386833,Load Users 1-23,GET /work random mode,200,97
1779032386763,Load Users 1-20,POST /batch mixed tasks,200,171
1779032386432,Load Users 1-33,POST /batch mixed tasks,200,502
1779032386441,Load Users 1-78,POST /batch mixed tasks,200,494
1779032386548,Load Users 1-11,POST /batch mixed tasks,200,393
1779032386749,Load Users 1-29,POST /batch mixed tasks,200,194
1779032386750,Load Users 1-35,GET /work random mode,200,196
1779032386179,Load Users 1-50,POST /batch mixed tasks,200,777
1779032386820,Load Users 1-3,GET /work random mode,200,144
1779032386871,Load Users 1-22,GET /work random mode,200,96
1779032386766,Load Users 1-43,GET /work random mode,200,205
1779032386556,Load Users 1-8,POST /batch mixed tasks,200,416
1779032386792,Load Users 1-19,GET /work random mode,200,192
1779032386964,Load Users 1-20,GET /work random mode,200,22
1779032386406,Load Users 1-79,POST /batch mixed tasks,200,581
1779032386832,Load Users 1-6,POST /batch mixed tasks,200,156
1779032386095,Load Users 1-2,POST /batch mixed tasks,200,896
1779032386637,Load Users 1-7,POST /batch mixed tasks,200,354
1779032386877,Load Users 1-36,GET /work random mode,200,119
1779032386806,Load Users 1-17,POST /batch mixed tasks,200,201
1779032386663,Load Users 1-77,POST /batch mixed tasks,200,349
1779032386844,Load Users 1-76,GET /work random mode,200,171
1779032386986,Load Users 1-34,GET /work random mode,200,32
1779032386357,Load Users 1-39,GET /work random mode,200,663
1779032386548,Load Users 1-4,POST /batch mixed tasks,200,479
1779032386649,Load Users 1-84,GET /work random mode,200,378
1779032386386,Load Users 1-95,POST /batch mixed tasks,200,646
1779032386879,Load Users 1-73,GET /work random mode,200,154
1779032386666,Load Users 1-86,GET /work random mode,200,370
1779032386873,Load Users 1-92,GET /work random mode,200,169
1779032386947,Load Users 1-81,GET /work random mode,200,96
1779032387030,Load Users 1-91,GET /work random mode,200,14
1779032386956,Load Users 1-75,GET /work random mode,200,92
1779032386535,Load Users 1-42,POST /batch mixed tasks,200,513
1779032386681,Load Users 1-46,POST /batch mixed tasks,200,372
1779032386881,Load Users 1-44,POST /batch mixed tasks,200,175
1779032386920,Load Users 1-51,GET /work random mode,200,137
1779032386398,Load Users 1-31,GET /work random mode,200,660
1779032386870,Load Users 1-49,GET /work random mode,200,191
1779032386439,Load Users 1-13,POST /batch mixed tasks,200,623
1779032386454,Load Users 1-72,POST /batch mixed tasks,200,610
1779032386846,Load Users 1-82,GET /work random mode,200,219
1779032386901,Load Users 1-64,POST /batch mixed tasks,200,166
1779032387065,Load Users 1-79,GET /work random mode,200,4
1779032386615,Load Users 1-61,POST /batch mixed tasks,200,461
1779032387008,Load Users 1-96,GET /work random mode,200,74
1779032386961,Load Users 1-87,GET /work random mode,200,126
1779032386803,Load Users 1-67,POST /batch mixed tasks,200,285
1779032386315,Load Users 1-89,POST /batch mixed tasks,200,776
1779032387104,Load Users 1-84,GET /work random mode,200,5
1779032386543,Load Users 1-25,POST /batch mixed tasks,200,567
1779032386873,Load Users 1-18,GET /work random mode,200,242
1779032386998,Load Users 1-69,GET /work random mode,200,118
1779032387057,Load Users 1-37,GET /work random mode,200,62
1779032387080,Load Users 1-33,GET /work random mode,200,41
1779032386820,Load Users 1-63,POST /batch mixed tasks,200,311
1779032386921,Load Users 1-28,POST /batch mixed tasks,200,219
1779032387118,Load Users 1-36,GET /work random mode,200,27
1779032386578,Load Users 1-83,POST /batch mixed tasks,200,569
1779032386744,Load Users 1-59,GET /work random mode,200,407
1779032387082,Load Users 1-8,GET /work random mode,200,76
1779032386841,Load Users 1-15,POST /batch mixed tasks,200,320
1779032387023,Load Users 1-29,POST /batch mixed tasks,200,139
1779032387036,Load Users 1-74,POST /batch mixed tasks,200,127
1779032386774,Load Users 1-12,POST /batch mixed tasks,200,400
1779032386819,Load Users 1-24,POST /batch mixed tasks,200,355
1779032387172,Load Users 1-82,GET /work random mode,200,3
1779032387079,Load Users 1-11,POST /batch mixed tasks,200,98
1779032387046,Load Users 1-6,GET /work random mode,200,144
1779032386825,Load Users 1-54,POST /batch mixed tasks,200,365
1779032387020,Load Users 1-57,POST /batch mixed tasks,200,170
1779032386765,Load Users 1-38,POST /batch mixed tasks,200,428
1779032385419,Load Users 1-48,GET /work random mode,200,1776
1779032387175,Load Users 1-89,GET /work random mode,200,29
1779032386381,Load Users 1-40,GET /work random mode,200,829
1779032386968,Load Users 1-1,GET /work random mode,200,243
1779032387165,Load Users 1-64,GET /work random mode,200,55
1779032387078,Load Users 1-4,POST /batch mixed tasks,200,146
1779032386889,Load Users 1-80,GET /work random mode,200,346
1779032386792,Load Users 1-85,POST /batch mixed tasks,200,448
1779032387083,Load Users 1-35,POST /batch mixed tasks,200,164
1779032386896,Load Users 1-55,POST /batch mixed tasks,200,356
1779032386630,Load Users 1-16,GET /work random mode,200,624
1779032387095,Load Users 1-22,POST /batch mixed tasks,200,164
1779032386830,Load Users 1-99,GET /work random mode,200,430
1779032387140,Load Users 1-75,POST /batch mixed tasks,200,123
1779032387079,Load Users 1-23,GET /work random mode,200,193
1779032386611,Load Users 1-88,GET /work random mode,200,666
1779032387111,Load Users 1-51,GET /work random mode,200,174
1779032386830,Load Users 1-30,POST /batch mixed tasks,200,455
1779032386628,Load Users 1-70,GET /work random mode,200,658
1779032387215,Load Users 1-25,GET /work random mode,200,75
1779032387048,Load Users 1-58,GET /work random mode,200,245
1779032386903,Load Users 1-65,POST /batch mixed tasks,200,397
1779032387176,Load Users 1-81,POST /batch mixed tasks,200,126
1779032387276,Load Users 1-36,GET /work random mode,200,28
1779032387120,Load Users 1-17,POST /batch mixed tasks,200,190
1779032386948,Load Users 1-45,POST /batch mixed tasks,200,364
1779032387209,Load Users 1-79,GET /work random mode,200,106
1779032386229,Load Users 1-71,GET /work random mode,200,1086
1779032387271,Load Users 1-1,GET /work random mode,200,46
1779032386575,Load Users 1-93,POST /batch mixed tasks,200,743
1779032386915,Load Users 1-68,GET /work random mode,200,405
1779032387183,Load Users 1-92,POST /batch mixed tasks,200,137
1779032386678,Load Users 1-98,GET /work random mode,200,644
1779032386952,Load Users 1-90,POST /batch mixed tasks,200,372
1779032386983,Load Users 1-97,POST /batch mixed tasks,200,345
1779032386857,Load Users 1-53,GET /work random mode,200,474
1779032387136,Load Users 1-39,GET /work random mode,200,202
1779032387206,Load Users 1-72,GET /work random mode,200,139
1779032386912,Load Users 1-32,POST /batch mixed tasks,200,445
1779032387089,Load Users 1-3,POST /batch mixed tasks,200,272
1779032386809,Load Users 1-9,POST /batch mixed tasks,200,557
1779032387252,Load Users 1-82,POST /batch mixed tasks,200,120
1779032387326,Load Users 1-30,GET /work random mode,200,50
1779032387188,Load Users 1-87,GET /work random mode,200,197
1779032387314,Load Users 1-12,GET /work random mode,200,75
1779032387379,Load Users 1-35,GET /work random mode,200,14
1779032387161,Load Users 1-91,POST /batch mixed tasks,200,236
1779032387210,Load Users 1-37,POST /batch mixed tasks,200,188
1779032386966,Load Users 1-60,POST /batch mixed tasks,200,445
1779032387248,Load Users 1-11,GET /work random mode,200,165
1779032387370,Load Users 1-81,GET /work random mode,200,44
1779032386977,Load Users 1-10,POST /batch mixed tasks,200,441
1779032387160,Load Users 1-31,GET /work random mode,200,260
1779032386748,Load Users 1-21,POST /batch mixed tasks,200,675
1779032387033,Load Users 1-78,POST /batch mixed tasks,200,408
1779032387265,Load Users 1-28,POST /batch mixed tasks,200,182
1779032387172,Load Users 1-18,POST /batch mixed tasks,200,278
1779032386519,Load Users 1-41,POST /batch mixed tasks,200,933
1779032387286,Load Users 1-16,POST /batch mixed tasks,200,167
1779032387335,Load Users 1-89,GET /work random mode,200,124
1779032386558,Load Users 1-52,POST /batch mixed tasks,200,902
1779032387258,Load Users 1-57,POST /batch mixed tasks,200,204
1779032387193,Load Users 1-49,POST /batch mixed tasks,200,284
1779032386881,Load Users 1-14,GET /work random mode,200,608
1779032387416,Load Users 1-17,POST /batch mixed tasks,200,83
1779032387491,Load Users 1-41,GET /work random mode,200,10
1779032387472,Load Users 1-11,GET /work random mode,200,34
1779032387461,Load Users 1-9,GET /work random mode,200,47
1779032387387,Load Users 1-65,GET /work random mode,200,127
1779032387498,Load Users 1-89,GET /work random mode,200,17
1779032387380,Load Users 1-85,GET /work random mode,200,136
1779032387320,Load Users 1-75,POST /batch mixed tasks,200,199
1779032386468,Load Users 1-26,POST /batch mixed tasks,200,1057
1779032387459,Load Users 1-91,GET /work random mode,200,66
1779032387423,Load Users 1-45,POST /batch mixed tasks,200,105
1779032387120,Load Users 1-13,POST /batch mixed tasks,200,408
1779032387197,Load Users 1-74,POST /batch mixed tasks,200,331
1779032387417,Load Users 1-51,GET /work random mode,200,112
1779032387356,Load Users 1-90,GET /work random mode,200,178
1779032387509,Load Users 1-21,GET /work random mode,200,34
1779032387102,Load Users 1-19,POST /batch mixed tasks,200,444
1779032387178,Load Users 1-83,POST /batch mixed tasks,200,379
1779032387557,Load Users 1-26,GET /work random mode,200,4
1779032386723,Load Users 1-56,POST /batch mixed tasks,200,841
1779032387330,Load Users 1-99,POST /batch mixed tasks,200,239
1779032387195,Load Users 1-15,POST /batch mixed tasks,200,378
1779032387089,Load Users 1-2,POST /batch mixed tasks,200,495
1779032386871,Load Users 1-66,POST /batch mixed tasks,200,713
1779032387567,Load Users 1-11,GET /work random mode,200,17
1779032387100,Load Users 1-86,GET /work random mode,200,494
1779032387365,Load Users 1-80,GET /work random mode,200,229
1779032386952,Load Users 1-94,POST /batch mixed tasks,200,644
1779032387400,Load Users 1-1,POST /batch mixed tasks,200,208
1779032387151,Load Users 1-44,POST /batch mixed tasks,200,458
1779032387437,Load Users 1-71,GET /work random mode,200,177
1779032387068,Load Users 1-20,POST /batch mixed tasks,200,548
1779032386995,Load Users 1-50,POST /batch mixed tasks,200,621
1779032387522,Load Users 1-35,POST /batch mixed tasks,200,108
1779032387282,Load Users 1-4,POST /batch mixed tasks,200,349
1779032387623,Load Users 1-45,GET /work random mode,200,10
1779032387306,Load Users 1-55,POST /batch mixed tasks,200,332
1779032387500,Load Users 1-82,GET /work random mode,200,140
1779032387486,Load Users 1-81,POST /batch mixed tasks,200,157
1779032387059,Load Users 1-76,GET /work random mode,200,585
1779032387610,Load Users 1-74,GET /work random mode,200,40
1779032387340,Load Users 1-22,GET /work random mode,200,311
1779032387580,Load Users 1-91,POST /batch mixed tasks,200,72
1779032387438,Load Users 1-58,GET /work random mode,200,214
1779032387195,Load Users 1-84,GET /work random mode,200,467
1779032386892,Load Users 1-5,POST /batch mixed tasks,200,777
1779032387153,Load Users 1-61,POST /batch mixed tasks,200,519
1779032387080,Load Users 1-42,POST /batch mixed tasks,200,593
1779032387644,Load Users 1-99,GET /work random mode,200,32
1779032387434,Load Users 1-53,GET /work random mode,200,245
1779032387166,Load Users 1-34,GET /work random mode,200,528
1779032386804,Load Users 1-47,POST /batch mixed tasks,200,899
1779032387160,Load Users 1-67,POST /batch mixed tasks,200,547
1779032387586,Load Users 1-52,POST /batch mixed tasks,200,121
1779032387660,Load Users 1-50,GET /work random mode,200,53
1779032387022,Load Users 1-43,GET /work random mode,200,695
1779032387650,Load Users 1-2,GET /work random mode,200,70
1779032387213,Load Users 1-69,GET /work random mode,200,510
1779032387517,Load Users 1-16,POST /batch mixed tasks,200,209
1779032387324,Load Users 1-48,POST /batch mixed tasks,200,405
1779032387559,Load Users 1-51,GET /work random mode,200,172
1779032387254,Load Users 1-6,POST /batch mixed tasks,200,478
1779032387370,Load Users 1-25,POST /batch mixed tasks,200,363
1779032387232,Load Users 1-54,GET /work random mode,200,501
1779032387280,Load Users 1-63,POST /batch mixed tasks,200,458
1779032387278,Load Users 1-24,GET /work random mode,200,465
1779032387750,Load Users 1-44,GET /work random mode,200,2
1779032387744,Load Users 1-20,GET /work random mode,200,16
1779032387601,Load Users 1-21,GET /work random mode,200,161
1779032387460,Load Users 1-30,POST /batch mixed tasks,200,304
1779032387708,Load Users 1-80,GET /work random mode,200,58
1779032387442,Load Users 1-98,POST /batch mixed tasks,200,337
1779032387750,Load Users 1-22,GET /work random mode,200,29
1779032387543,Load Users 1-31,POST /batch mixed tasks,200,248
1779032387474,Load Users 1-60,GET /work random mode,200,319
1779032387443,Load Users 1-79,GET /work random mode,200,350
1779032387731,Load Users 1-4,GET /work random mode,200,64
1779032387540,Load Users 1-18,POST /batch mixed tasks,200,257
1779032387763,Load Users 1-16,GET /work random mode,200,37
1779032387792,Load Users 1-58,GET /work random mode,200,13
1779032387540,Load Users 1-78,POST /batch mixed tasks,200,268
1779032387782,Load Users 1-2,GET /work random mode,200,36
1779032387354,Load Users 1-88,POST /batch mixed tasks,200,464
1779032387786,Load Users 1-76,GET /work random mode,200,32
1779032387496,Load Users 1-37,GET /work random mode,200,323
1779032387738,Load Users 1-47,POST /batch mixed tasks,200,87
1779032387530,Load Users 1-14,POST /batch mixed tasks,200,299
1779032387118,Load Users 1-95,POST /batch mixed tasks,200,711
1779032387456,Load Users 1-10,GET /work random mode,200,376
1779032387151,Load Users 1-46,POST /batch mixed tasks,200,687
1779032387597,Load Users 1-83,POST /batch mixed tasks,200,248
1779032386880,Load Users 1-27,GET /work random mode,200,965
1779032387623,Load Users 1-9,GET /work random mode,200,223
1779032387715,Load Users 1-74,GET /work random mode,200,135
1779032387390,Load Users 1-36,POST /batch mixed tasks,200,460
1779032387753,Load Users 1-35,GET /work random mode,200,98
1779032387825,Load Users 1-21,GET /work random mode,200,27
1779032387695,Load Users 1-71,GET /work random mode,200,165
1779032387709,Load Users 1-1,GET /work random mode,200,151
1779032387627,Load Users 1-75,POST /batch mixed tasks,200,243
1779032387082,Load Users 1-77,POST /batch mixed tasks,200,789
1779032387283,Load Users 1-59,POST /batch mixed tasks,200,590
1779032387852,Load Users 1-25,GET /work random mode,200,25
1779032387700,Load Users 1-94,POST /batch mixed tasks,200,182
1779032387814,Load Users 1-98,GET /work random mode,200,70
1779032387883,Load Users 1-60,GET /work random mode,200,2
1779032387840,Load Users 1-20,GET /work random mode,200,45
1779032387100,Load Users 1-7,GET /work random mode,200,790
1779032387674,Load Users 1-19,POST /batch mixed tasks,200,226
1779032387765,Load Users 1-69,GET /work random mode,200,139
1779032386978,Load Users 1-100,GET /work random mode,200,930
1779032387754,Load Users 1-84,GET /work random mode,200,162
1779032387245,Load Users 1-33,POST /batch mixed tasks,200,673
1779032387865,Load Users 1-24,GET /work random mode,200,54
1779032387630,Load Users 1-41,POST /batch mixed tasks,200,292
1779032387367,Load Users 1-97,GET /work random mode,200,555
1779032387224,Load Users 1-8,GET /work random mode,200,705
1779032387925,Load Users 1-75,GET /work random mode,200,12
1779032387915,Load Users 1-31,GET /work random mode,200,37
1779032387856,Load Users 1-63,GET /work random mode,200,104
1779032387386,Load Users 1-72,GET /work random mode,200,579
1779032387962,Load Users 1-100,GET /work random mode,200,3
1779032387740,Load Users 1-82,GET /work random mode,200,227
1779032387072,Load Users 1-73,GET /work random mode,200,898
1779032387735,Load Users 1-61,POST /batch mixed tasks,200,237
1779032387797,Load Users 1-42,GET /work random mode,200,175
1779032387618,Load Users 1-13,POST /batch mixed tasks,200,357
1779032387685,Load Users 1-56,POST /batch mixed tasks,200,313
1779032387862,Load Users 1-58,GET /work random mode,200,141
1779032387655,Load Users 1-85,POST /batch mixed tasks,200,355
1779032387929,Load Users 1-88,GET /work random mode,200,96
1779032387766,Load Users 1-53,POST /batch mixed tasks,200,267
1779032386897,Load Users 1-62,POST /batch mixed tasks,200,1136
1779032387457,Load Users 1-32,POST /batch mixed tasks,200,584
1779032387889,Load Users 1-37,POST /batch mixed tasks,200,153
1779032387758,Load Users 1-55,GET /work random mode,200,286
1779032387991,Load Users 1-24,GET /work random mode,200,63
1779032387828,Load Users 1-80,GET /work random mode,200,228
1779032387982,Load Users 1-74,GET /work random mode,200,75
1779032387301,Load Users 1-64,GET /work random mode,200,757
1779032388014,Load Users 1-41,GET /work random mode,200,47
1779032387509,Load Users 1-57,POST /batch mixed tasks,200,552
1779032387970,Load Users 1-98,POST /batch mixed tasks,200,92
1779032387327,Load Users 1-40,GET /work random mode,200,744
1779032388049,Load Users 1-19,GET /work random mode,200,24
1779032387798,Load Users 1-6,POST /batch mixed tasks,200,279
1779032387851,Load Users 1-30,POST /batch mixed tasks,200,227
1779032387808,Load Users 1-34,GET /work random mode,200,270
1779032388042,Load Users 1-33,GET /work random mode,200,51
1779032387460,Load Users 1-3,GET /work random mode,200,634
1779032387949,Load Users 1-27,POST /batch mixed tasks,200,146
1779032387972,Load Users 1-9,GET /work random mode,200,126
1779032387968,Load Users 1-1,GET /work random mode,200,133
1779032387400,Load Users 1-39,POST /batch mixed tasks,200,702
1779032387281,Load Users 1-38,POST /batch mixed tasks,200,824
1779032387697,Load Users 1-45,GET /work random mode,200,410
1779032387616,Load Users 1-89,GET /work random mode,200,494
1779032388052,Load Users 1-75,POST /batch mixed tasks,200,60
1779032388094,Load Users 1-100,GET /work random mode,200,19
1779032387815,Load Users 1-43,GET /work random mode,200,303
1779032387324,Load Users 1-23,POST /batch mixed tasks,200,803
1779032387949,Load Users 1-47,POST /batch mixed tasks,200,178
1779032387206,Load Users 1-96,POST /batch mixed tasks,200,922
1779032388132,Load Users 1-33,GET /work random mode,200,3
1779032387799,Load Users 1-52,POST /batch mixed tasks,200,341
1779032387858,Load Users 1-48,POST /batch mixed tasks,200,283
1779032387969,Load Users 1-25,POST /batch mixed tasks,200,173
1779032387943,Load Users 1-4,POST /batch mixed tasks,200,207
1779032388033,Load Users 1-42,GET /work random mode,200,121
1779032388052,Load Users 1-61,GET /work random mode,200,107
1779032387394,Load Users 1-70,GET /work random mode,200,765
1779032388151,Load Users 1-75,GET /work random mode,200,13
1779032387628,Load Users 1-26,POST /batch mixed tasks,200,536
1779032387735,Load Users 1-86,POST /batch mixed tasks,200,450
1779032388042,Load Users 1-8,POST /batch mixed tasks,200,144
1779032387998,Load Users 1-7,POST /batch mixed tasks,200,194
1779032388180,Load Users 1-30,GET /work random mode,200,15
1779032388044,Load Users 1-13,POST /batch mixed tasks,200,153
1779032388176,Load Users 1-25,GET /work random mode,200,26
1779032387872,Load Users 1-95,POST /batch mixed tasks,200,333
1779032387608,Load Users 1-15,GET /work random mode,200,602
1779032387443,Load Users 1-87,GET /work random mode,200,771
1779032388209,Load Users 1-43,GET /work random mode,200,5
1779032387940,Load Users 1-83,GET /work random mode,200,275
1779032388043,Load Users 1-97,POST /batch mixed tasks,200,174
1779032388182,Load Users 1-57,GET /work random mode,200,35
1779032387910,Load Users 1-79,POST /batch mixed tasks,200,313
1779032387897,Load Users 1-46,POST /batch mixed tasks,200,331
1779032388201,Load Users 1-100,POST /batch mixed tasks,200,35
1779032388151,Load Users 1-55,POST /batch mixed tasks,200,91
1779032387687,Load Users 1-11,POST /batch mixed tasks,200,569
1779032388233,Load Users 1-9,GET /work random mode,200,25
1779032388001,Load Users 1-82,POST /batch mixed tasks,200,258
1779032387783,Load Users 1-44,POST /batch mixed tasks,200,488
1779032387672,Load Users 1-90,POST /batch mixed tasks,200,613
1779032388156,Load Users 1-40,GET /work random mode,200,129
1779032388254,Load Users 1-8,GET /work random mode,200,37
1779032388093,Load Users 1-64,GET /work random mode,200,199
1779032387945,Load Users 1-16,POST /batch mixed tasks,200,349
1779032387893,Load Users 1-76,POST /batch mixed tasks,200,403
1779032388276,Load Users 1-42,GET /work random mode,200,26
1779032387508,Load Users 1-49,GET /work random mode,200,795
1779032388137,Load Users 1-56,GET /work random mode,200,167
1779032388164,Load Users 1-27,GET /work random mode,200,142
1779032387628,Load Users 1-66,GET /work random mode,200,681
1779032388246,Load Users 1-86,GET /work random mode,200,89
1779032388292,Load Users 1-75,GET /work random mode,200,46
1779032387973,Load Users 1-77,POST /batch mixed tasks,200,374
1779032388039,Load Users 1-84,POST /batch mixed tasks,200,310
1779032388050,Load Users 1-63,POST /batch mixed tasks,200,302
1779032388229,Load Users 1-47,GET /work random mode,200,125
1779032388216,Load Users 1-26,POST /batch mixed tasks,200,143
1779032388350,Load Users 1-97,GET /work random mode,200,11
1779032388222,Load Users 1-39,GET /work random mode,200,139
1779032388289,Load Users 1-11,GET /work random mode,200,82
1779032387275,Load Users 1-29,POST /batch mixed tasks,200,1097
1779032388232,Load Users 1-33,POST /batch mixed tasks,200,146
1779032388136,Load Users 1-85,POST /batch mixed tasks,200,246
1779032388149,Load Users 1-6,GET /work random mode,200,236
1779032387844,Load Users 1-50,POST /batch mixed tasks,200,544
1779032388272,Load Users 1-25,POST /batch mixed tasks,200,117
1779032388205,Load Users 1-34,GET /work random mode,200,188
1779032388201,Load Users 1-48,POST /batch mixed tasks,200,194
1779032387873,Load Users 1-10,POST /batch mixed tasks,200,525
1779032387376,Load Users 1-93,POST /batch mixed tasks,200,1023
1779032387982,Load Users 1-21,GET /work random mode,200,418
1779032388329,Load Users 1-100,GET /work random mode,200,84
1779032387961,Load Users 1-14,POST /batch mixed tasks,200,453
1779032388399,Load Users 1-47,GET /work random mode,200,19
1779032387540,Load Users 1-28,POST /batch mixed tasks,200,879
1779032388410,Load Users 1-27,GET /work random mode,200,11
1779032388028,Load Users 1-69,POST /batch mixed tasks,200,397
1779032387611,Load Users 1-17,POST /batch mixed tasks,200,821
1779032388294,Load Users 1-7,POST /batch mixed tasks,200,150
1779032388088,Load Users 1-88,GET /work random mode,200,359
1779032387995,Load Users 1-60,POST /batch mixed tasks,200,455
1779032387915,Load Users 1-18,GET /work random mode,200,538
1779032388430,Load Users 1-26,GET /work random mode,200,30
1779032388278,Load Users 1-96,GET /work random mode,200,193
1779032388125,Load Users 1-41,GET /work random mode,200,347
1779032387754,Load Users 1-81,GET /work random mode,200,720
1779032387400,Load Users 1-68,POST /batch mixed tasks,200,1076
1779032387954,Load Users 1-71,POST /batch mixed tasks,200,524
1779032388330,Load Users 1-40,POST /batch mixed tasks,200,153
1779032388139,Load Users 1-32,POST /batch mixed tasks,200,346
1779032388171,Load Users 1-3,GET /work random mode,200,315
1779032388411,Load Users 1-76,GET /work random mode,200,78
1779032388444,Load Users 1-29,GET /work random mode,200,46
1779032388190,Load Users 1-98,GET /work random mode,200,304
1779032388172,Load Users 1-74,GET /work random mode,200,339
1779032388490,Load Users 1-48,GET /work random mode,200,31
1779032388019,Load Users 1-72,GET /work random mode,200,506
1779032388523,Load Users 1-18,GET /work random mode,200,3
1779032388389,Load Users 1-8,POST /batch mixed tasks,200,141
1779032388288,Load Users 1-15,GET /work random mode,200,242
1779032388437,Load Users 1-34,GET /work random mode,200,94
1779032388232,Load Users 1-13,POST /batch mixed tasks,200,299
1779032388450,Load Users 1-75,GET /work random mode,200,81
1779032388406,Load Users 1-64,POST /batch mixed tasks,200,127
1779032387927,Load Users 1-20,POST /batch mixed tasks,200,610
1779032387754,Load Users 1-67,POST /batch mixed tasks,200,783
1779032388427,Load Users 1-42,POST /batch mixed tasks,200,119
1779032387819,Load Users 1-54,POST /batch mixed tasks,200,730
1779032388534,Load Users 1-76,GET /work random mode,200,16
1779032388079,Load Users 1-62,POST /batch mixed tasks,200,476
1779032388556,Load Users 1-96,GET /work random mode,200,3
1779032388205,Load Users 1-23,POST /batch mixed tasks,200,356
1779032388497,Load Users 1-47,GET /work random mode,200,65
1779032387569,Load Users 1-65,GET /work random mode,200,995
1779032387760,Load Users 1-91,POST /batch mixed tasks,200,804
1779032388554,Load Users 1-69,GET /work random mode,200,14
1779032388111,Load Users 1-24,POST /batch mixed tasks,200,458
1779032388072,Load Users 1-37,POST /batch mixed tasks,200,497
1779032388255,Load Users 1-43,POST /batch mixed tasks,200,315
1779032388171,Load Users 1-53,POST /batch mixed tasks,200,401
1779032388282,Load Users 1-55,GET /work random mode,200,294
1779032388251,Load Users 1-70,POST /batch mixed tasks,200,326
1779032388118,Load Users 1-19,POST /batch mixed tasks,200,460
1779032388032,Load Users 1-73,POST /batch mixed tasks,200,550
1779032388406,Load Users 1-90,POST /batch mixed tasks,200,177
1779032388237,Load Users 1-1,POST /batch mixed tasks,200,348
1779032387870,Load Users 1-22,POST /batch mixed tasks,200,720
1779032388189,Load Users 1-80,POST /batch mixed tasks,200,405
1779032388211,Load Users 1-89,POST /batch mixed tasks,200,384
1779032388442,Load Users 1-49,POST /batch mixed tasks,200,153
1779032388559,Load Users 1-71,GET /work random mode,200,37
1779032388489,Load Users 1-6,GET /work random mode,200,107
1779032388512,Load Users 1-50,GET /work random mode,200,84
1779032388444,Load Users 1-21,POST /batch mixed tasks,200,154
1779032388598,Load Users 1-64,GET /work random mode,200,4
1779032388582,Load Users 1-67,GET /work random mode,200,25
1779032387876,Load Users 1-78,POST /batch mixed tasks,200,741
1779032388458,Load Users 1-39,POST /batch mixed tasks,200,161
1779032388591,Load Users 1-15,GET /work random mode,200,29
1779032388492,Load Users 1-11,POST /batch mixed tasks,200,131
1779032388179,Load Users 1-45,POST /batch mixed tasks,200,450
1779032388598,Load Users 1-48,GET /work random mode,200,31
1779032388404,Load Users 1-82,POST /batch mixed tasks,200,227
1779032387977,Load Users 1-35,POST /batch mixed tasks,200,657
1779032388016,Load Users 1-31,GET /work random mode,200,622
1779032387505,Load Users 1-12,GET /work random mode,200,1138
1779032388612,Load Users 1-29,GET /work random mode,200,38
1779032388635,Load Users 1-98,GET /work random mode,200,20
1779032387406,Load Users 1-92,POST /batch mixed tasks,200,1249
1779032387716,Load Users 1-99,POST /batch mixed tasks,200,942
1779032388638,Load Users 1-89,GET /work random mode,200,32
1779032387971,Load Users 1-36,GET /work random mode,200,700
1779032388670,Load Users 1-18,GET /work random mode,200,3
1779032387917,Load Users 1-94,GET /work random mode,200,759
1779032387875,Load Users 1-2,GET /work random mode,200,815
1779032388603,Load Users 1-76,GET /work random mode,200,91
1779032388492,Load Users 1-77,GET /work random mode,200,210
1779032388524,Load Users 1-32,POST /batch mixed tasks,200,181
1779032388276,Load Users 1-4,POST /batch mixed tasks,200,429
1779032388538,Load Users 1-14,POST /batch mixed tasks,200,170
1779032388673,Load Users 1-90,GET /work random mode,200,40
1779032388601,Load Users 1-54,POST /batch mixed tasks,200,115
1779032388674,Load Users 1-50,GET /work random mode,200,45
1779032388437,Load Users 1-10,GET /work random mode,200,288
1779032388563,Load Users 1-17,POST /batch mixed tasks,200,163
1779032388611,Load Users 1-8,POST /batch mixed tasks,200,116
1779032388303,Load Users 1-87,POST /batch mixed tasks,200,426
1779032388208,Load Users 1-61,GET /work random mode,200,532
1779032388735,Load Users 1-2,GET /work random mode,200,9
1779032388208,Load Users 1-52,POST /batch mixed tasks,200,538
1779032388651,Load Users 1-96,GET /work random mode,200,100
1779032388557,Load Users 1-26,GET /work random mode,200,196
1779032388605,Load Users 1-20,POST /batch mixed tasks,200,150
1779032388562,Load Users 1-28,GET /work random mode,200,205
1779032388392,Load Users 1-86,POST /batch mixed tasks,200,378
1779032388751,Load Users 1-54,GET /work random mode,200,25
1779032388457,Load Users 1-33,POST /batch mixed tasks,200,322
1779032388765,Load Users 1-11,GET /work random mode,200,22
1779032388572,Load Users 1-60,POST /batch mixed tasks,200,224
1779032388389,Load Users 1-16,POST /batch mixed tasks,200,407
1779032388659,Load Users 1-69,GET /work random mode,200,146
1779032388335,Load Users 1-57,POST /batch mixed tasks,200,474
1779032388151,Load Users 1-38,POST /batch mixed tasks,200,661
1779032388656,Load Users 1-37,GET /work random mode,200,159
1779032388637,Load Users 1-65,POST /batch mixed tasks,200,179
1779032388294,Load Users 1-46,GET /work random mode,200,528
1779032388686,Load Users 1-43,GET /work random mode,200,139
1779032388517,Load Users 1-27,POST /batch mixed tasks,200,308
1779032388478,Load Users 1-100,GET /work random mode,200,351
1779032388815,Load Users 1-17,GET /work random mode,200,31
1779032388728,Load Users 1-73,GET /work random mode,200,118
1779032388847,Load Users 1-96,GET /work random mode,200,2
1779032388713,Load Users 1-53,GET /work random mode,200,139
1779032388726,Load Users 1-76,POST /batch mixed tasks,200,127
1779032388784,Load Users 1-89,GET /work random mode,200,72
1779032387736,Load Users 1-5,POST /batch mixed tasks,200,1124
1779032388289,Load Users 1-95,GET /work random mode,200,576
1779032388715,Load Users 1-22,POST /batch mixed tasks,200,153
1779032388440,Load Users 1-56,GET /work random mode,200,444
1779032388628,Load Users 1-3,POST /batch mixed tasks,200,255
1779032388624,Load Users 1-19,POST /batch mixed tasks,200,259
1779032388632,Load Users 1-62,GET /work random mode,200,248
1779032388531,Load Users 1-25,POST /batch mixed tasks,200,344
1779032388745,Load Users 1-64,GET /work random mode,200,130
1779032388489,Load Users 1-7,POST /batch mixed tasks,200,385
1779032388594,Load Users 1-40,POST /batch mixed tasks,200,300
1779032388514,Load Users 1-68,POST /batch mixed tasks,200,382
1779032388795,Load Users 1-90,GET /work random mode,200,108
1779032388666,Load Users 1-15,POST /batch mixed tasks,200,239
1779032388432,Load Users 1-66,POST /batch mixed tasks,200,480
1779032388889,Load Users 1-17,GET /work random mode,200,32
1779032388728,Load Users 1-67,POST /batch mixed tasks,200,205
1779032388729,Load Users 1-82,POST /batch mixed tasks,200,214
1779032388899,Load Users 1-43,GET /work random mode,200,50
1779032388332,Load Users 1-30,POST /batch mixed tasks,200,624
1779032388604,Load Users 1-42,POST /batch mixed tasks,200,354
1779032388904,Load Users 1-20,GET /work random mode,200,54
1779032388918,Load Users 1-33,GET /work random mode,200,42
1779032388708,Load Users 1-55,POST /batch mixed tasks,200,252
1779032388799,Load Users 1-92,GET /work random mode,200,163
1779032388567,Load Users 1-34,POST /batch mixed tasks,200,396
1779032388668,Load Users 1-75,POST /batch mixed tasks,200,296
1779032388921,Load Users 1-76,GET /work random mode,200,53
1779032388492,Load Users 1-63,GET /work random mode,200,483
1779032388446,Load Users 1-97,POST /batch mixed tasks,200,533
1779032388824,Load Users 1-8,POST /batch mixed tasks,200,158
1779032388579,Load Users 1-13,POST /batch mixed tasks,200,406
1779032388944,Load Users 1-90,GET /work random mode,200,42
1779032388747,Load Users 1-31,GET /work random mode,200,240
1779032388780,Load Users 1-87,POST /batch mixed tasks,200,212
1779032388317,Load Users 1-83,POST /batch mixed tasks,200,683
1779032388696,Load Users 1-6,POST /batch mixed tasks,200,305
1779032388992,Load Users 1-20,GET /work random mode,200,9
1779032388978,Load Users 1-15,GET /work random mode,200,30
1779032388753,Load Users 1-50,POST /batch mixed tasks,200,256
1779032387871,Load Users 1-51,GET /work random mode,200,1143
1779032388830,Load Users 1-52,GET /work random mode,200,186
1779032388800,Load Users 1-94,POST /batch mixed tasks,200,217
1779032388891,Load Users 1-38,POST /batch mixed tasks,200,128
1779032388620,Load Users 1-47,GET /work random mode,200,399
1779032388575,Load Users 1-88,GET /work random mode,200,446
1779032388786,Load Users 1-32,GET /work random mode,200,242
1779032388990,Load Users 1-55,GET /work random mode,200,40
1779032388671,Load Users 1-24,GET /work random mode,200,364
1779032388838,Load Users 1-2,GET /work random mode,200,200
1779032388400,Load Users 1-84,POST /batch mixed tasks,200,646
1779032388918,Load Users 1-46,GET /work random mode,200,132
1779032388711,Load Users 1-48,POST /batch mixed tasks,200,340
1779032388891,Load Users 1-37,GET /work random mode,200,162
1779032388931,Load Users 1-16,GET /work random mode,200,125
1779032388897,Load Users 1-65,POST /batch mixed tasks,200,165
1779032388814,Load Users 1-61,GET /work random mode,200,252
1779032388948,Load Users 1-3,GET /work random mode,200,124
1779032388742,Load Users 1-36,POST /batch mixed tasks,200,334
1779032388514,Load Users 1-41,POST /batch mixed tasks,200,564
1779032387987,Load Users 1-59,POST /batch mixed tasks,200,1095
1779032388758,Load Users 1-45,POST /batch mixed tasks,200,325
1779032388868,Load Users 1-11,GET /work random mode,200,215
1779032388791,Load Users 1-26,POST /batch mixed tasks,200,294
1779032389034,Load Users 1-62,GET /work random mode,200,60
1779032389086,Load Users 1-84,GET /work random mode,200,10
1779032388940,Load Users 1-25,GET /work random mode,200,156
1779032388693,Load Users 1-49,POST /batch mixed tasks,200,409
1779032388329,Load Users 1-44,POST /batch mixed tasks,200,773
1779032388688,Load Users 1-1,POST /batch mixed tasks,200,414
1779032388764,Load Users 1-29,GET /work random mode,200,339
1779032389021,Load Users 1-22,GET /work random mode,200,86
1779032388645,Load Users 1-74,POST /batch mixed tasks,200,471
1779032388686,Load Users 1-35,GET /work random mode,200,437
1779032388836,Load Users 1-28,POST /batch mixed tasks,200,289
1779032388677,Load Users 1-78,POST /batch mixed tasks,200,460
1779032388917,Load Users 1-57,POST /batch mixed tasks,200,234
1779032388980,Load Users 1-73,GET /work random mode,200,178
1779032389126,Load Users 1-15,GET /work random mode,200,34
1779032388932,Load Users 1-89,GET /work random mode,200,233
1779032389135,Load Users 1-25,GET /work random mode,200,35
1779032389100,Load Users 1-88,GET /work random mode,200,73
1779032388471,Load Users 1-85,POST /batch mixed tasks,200,710
1779032388797,Load Users 1-14,GET /work random mode,200,393
1779032388295,Load Users 1-79,POST /batch mixed tasks,200,895
1779032389125,Load Users 1-11,GET /work random mode,200,70
1779032389175,Load Users 1-36,GET /work random mode,200,27
1779032389053,Load Users 1-43,POST /batch mixed tasks,200,153
1779032388710,Load Users 1-70,POST /batch mixed tasks,200,497
1779032389115,Load Users 1-46,GET /work random mode,200,96
1779032389114,Load Users 1-47,GET /work random mode,200,103
1779032389006,Load Users 1-33,POST /batch mixed tasks,200,212
1779032388903,Load Users 1-60,GET /work random mode,200,316
1779032388608,Load Users 1-81,POST /batch mixed tasks,200,617
1779032388734,Load Users 1-39,GET /work random mode,200,494
1779032389183,Load Users 1-65,GET /work random mode,200,46
1779032388898,Load Users 1-95,POST /batch mixed tasks,200,331
1779032388914,Load Users 1-69,POST /batch mixed tasks,200,316
1779032388792,Load Users 1-77,GET /work random mode,200,442
1779032388769,Load Users 1-98,POST /batch mixed tasks,200,477
1779032389140,Load Users 1-48,GET /work random mode,200,110
1779032389197,Load Users 1-89,GET /work random mode,200,56
1779032388599,Load Users 1-91,POST /batch mixed tasks,200,668
1779032389205,Load Users 1-22,POST /batch mixed tasks,200,67
1779032389188,Load Users 1-26,GET /work random mode,200,85
1779032389034,Load Users 1-92,GET /work random mode,200,244
1779032389000,Load Users 1-68,POST /batch mixed tasks,200,278
1779032388539,Load Users 1-93,POST /batch mixed tasks,200,740
1779032389121,Load Users 1-16,GET /work random mode,200,166
1779032389151,Load Users 1-50,POST /batch mixed tasks,200,139
1779032388059,Load Users 1-58,POST /batch mixed tasks,200,1231
1779032389165,Load Users 1-28,POST /batch mixed tasks,200,127
1779032389245,Load Users 1-14,GET /work random mode,200,51
1779032389292,Load Users 1-11,GET /work random mode,200,6
1779032389059,Load Users 1-42,GET /work random mode,200,239
1779032388966,Load Users 1-7,POST /batch mixed tasks,200,336
1779032388823,Load Users 1-4,POST /batch mixed tasks,200,481
1779032389149,Load Users 1-1,GET /work random mode,200,160
1779032389183,Load Users 1-62,POST /batch mixed tasks,200,128
1779032388691,Load Users 1-23,POST /batch mixed tasks,200,621
1779032389227,Load Users 1-29,GET /work random mode,200,87
1779032388791,Load Users 1-99,POST /batch mixed tasks,200,525
1779032388918,Load Users 1-5,GET /work random mode,200,398
1779032389086,Load Users 1-30,GET /work random mode,200,230
1779032389274,Load Users 1-46,GET /work random mode,200,53
1779032389293,Load Users 1-73,GET /work random mode,200,37
1779032389062,Load Users 1-31,GET /work random mode,200,271
1779032389154,Load Users 1-74,GET /work random mode,200,186
1779032389000,Load Users 1-66,POST /batch mixed tasks,200,355
1779032389329,Load Users 1-89,GET /work random mode,200,26
1779032389101,Load Users 1-76,POST /batch mixed tasks,200,256
1779032388742,Load Users 1-80,POST /batch mixed tasks,200,616
1779032388890,Load Users 1-86,POST /batch mixed tasks,200,473
1779032389022,Load Users 1-56,POST /batch mixed tasks,200,346
1779032389365,Load Users 1-60,GET /work random mode,200,8
1779032389207,Load Users 1-78,POST /batch mixed tasks,200,179
1779032389178,Load Users 1-32,POST /batch mixed tasks,200,218
1779032389359,Load Users 1-91,GET /work random mode,200,43
1779032389136,Load Users 1-2,POST /batch mixed tasks,200,266
1779032389180,Load Users 1-24,GET /work random mode,200,228
1779032389181,Load Users 1-49,POST /batch mixed tasks,200,238
1779032389121,Load Users 1-51,POST /batch mixed tasks,200,306
1779032388988,Load Users 1-17,POST /batch mixed tasks,200,444
1779032389318,Load Users 1-70,GET /work random mode,200,125
1779032389097,Load Users 1-20,GET /work random mode,200,352
1779032389084,Load Users 1-37,GET /work random mode,200,366
1779032389261,Load Users 1-15,POST /batch mixed tasks,200,190
1779032389206,Load Users 1-41,POST /batch mixed tasks,200,245
1779032389314,Load Users 1-26,GET /work random mode,200,142
1779032388971,Load Users 1-100,POST /batch mixed tasks,200,489
1779032388966,Load Users 1-53,POST /batch mixed tasks,200,494
1779032388982,Load Users 1-64,GET /work random mode,200,487
1779032389127,Load Users 1-13,POST /batch mixed tasks,200,343
1779032388741,Load Users 1-18,POST /batch mixed tasks,200,738
1779032389076,Load Users 1-90,POST /batch mixed tasks,200,412
1779032389180,Load Users 1-61,POST /batch mixed tasks,200,309
1779032388886,Load Users 1-54,POST /batch mixed tasks,200,605
1779032388782,Load Users 1-12,POST /batch mixed tasks,200,710
1779032388728,Load Users 1-21,POST /batch mixed tasks,200,765
1779032389113,Load Users 1-34,POST /batch mixed tasks,200,380
1779032389366,Load Users 1-22,POST /batch mixed tasks,200,132
1779032389078,Load Users 1-6,POST /batch mixed tasks,200,422
1779032389291,Load Users 1-33,POST /batch mixed tasks,200,215
1779032389456,Load Users 1-78,GET /work random mode,200,53
1779032389331,Load Users 1-68,POST /batch mixed tasks,200,183
1779032389136,Load Users 1-94,POST /batch mixed tasks,200,381
1779032388951,Load Users 1-27,POST /batch mixed tasks,200,567
1779032389139,Load Users 1-3,POST /batch mixed tasks,200,389
1779032389165,Load Users 1-45,GET /work random mode,200,363
1779032389265,Load Users 1-25,POST /batch mixed tasks,200,263
1779032389025,Load Users 1-75,GET /work random mode,200,506
1779032389232,Load Users 1-44,POST /batch mixed tasks,200,304
1779032389152,Load Users 1-55,POST /batch mixed tasks,200,395
1779032388659,Load Users 1-71,GET /work random mode,200,891
1779032389453,Load Users 1-49,GET /work random mode,200,100
1779032389520,Load Users 1-70,GET /work random mode,200,36
1779032389398,Load Users 1-14,GET /work random mode,200,164
1779032389027,Load Users 1-82,POST /batch mixed tasks,200,536
1779032388649,Load Users 1-72,POST /batch mixed tasks,200,924
1779032389428,Load Users 1-23,GET /work random mode,200,148
1779032389077,Load Users 1-97,POST /batch mixed tasks,200,503
1779032389320,Load Users 1-65,POST /batch mixed tasks,200,261
1779032389396,Load Users 1-5,POST /batch mixed tasks,200,197
1779032389291,Load Users 1-88,GET /work random mode,200,310
1779032389128,Load Users 1-87,GET /work random mode,200,485
1779032389338,Load Users 1-28,POST /batch mixed tasks,200,275
1779032389603,Load Users 1-13,GET /work random mode,200,12
1779032389608,Load Users 1-54,GET /work random mode,200,8
1779032389609,Load Users 1-70,GET /work random mode,200,12
1779032389466,Load Users 1-74,POST /batch mixed tasks,200,156
1779032389426,Load Users 1-66,GET /work random mode,200,205
1779032389325,Load Users 1-48,GET /work random mode,200,307
1779032389411,Load Users 1-62,POST /batch mixed tasks,200,229
1779032389537,Load Users 1-18,GET /work random mode,200,108
1779032389404,Load Users 1-29,POST /batch mixed tasks,200,241
1779032388982,Load Users 1-67,POST /batch mixed tasks,200,665
1779032388306,Load Users 1-9,POST /batch mixed tasks,200,1355
1779032389306,Load Users 1-47,GET /work random mode,200,355
1779032389278,Load Users 1-43,POST /batch mixed tasks,200,383
1779032389317,Load Users 1-81,POST /batch mixed tasks,200,346
1779032389231,Load Users 1-79,POST /batch mixed tasks,200,438
1779032389545,Load Users 1-41,POST /batch mixed tasks,200,127
1779032388868,Load Users 1-10,GET /work random mode,200,804
1779032389263,Load Users 1-95,POST /batch mixed tasks,200,417
1779032389449,Load Users 1-91,POST /batch mixed tasks,200,243
1779032389562,Load Users 1-68,POST /batch mixed tasks,200,132
1779032389593,Load Users 1-14,GET /work random mode,200,105
1779032389316,Load Users 1-85,POST /batch mixed tasks,200,386
1779032389116,Load Users 1-8,POST /batch mixed tasks,200,590
1779032389047,Load Users 1-52,POST /batch mixed tasks,200,686
1779032389124,Load Users 1-63,POST /batch mixed tasks,200,610
1779032389621,Load Users 1-65,GET /work random mode,200,115
1779032389546,Load Users 1-78,POST /batch mixed tasks,200,193
1779032389735,Load Users 1-79,GET /work random mode,200,10
1779032389154,Load Users 1-38,POST /batch mixed tasks,200,598
1779032388951,Load Users 1-40,GET /work random mode,200,804
1779032389662,Load Users 1-97,GET /work random mode,200,101
1779032389738,Load Users 1-74,GET /work random mode,200,28
1779032388996,Load Users 1-96,GET /work random mode,200,778
1779032389646,Load Users 1-45,POST /batch mixed tasks,200,131
1779032389604,Load Users 1-27,GET /work random mode,200,178
1779032388938,Load Users 1-19,POST /batch mixed tasks,200,851
1779032389498,Load Users 1-24,POST /batch mixed tasks,200,291
1779032389434,Load Users 1-7,POST /batch mixed tasks,200,362
1779032389060,Load Users 1-83,POST /batch mixed tasks,200,736
1779032389560,Load Users 1-94,POST /batch mixed tasks,200,243
1779032389274,Load Users 1-77,GET /work random mode,200,529
1779032389357,Load Users 1-1,POST /batch mixed tasks,200,449
1779032389418,Load Users 1-16,GET /work random mode,200,389
1779032389684,Load Users 1-67,GET /work random mode,200,123
1779032389586,Load Users 1-100,POST /batch mixed tasks,200,224
1779032389583,Load Users 1-53,GET /work random mode,200,232
1779032389309,Load Users 1-98,POST /batch mixed tasks,200,508
1779032389407,Load Users 1-93,POST /batch mixed tasks,200,410
1779032389500,Load Users 1-26,POST /batch mixed tasks,200,325
1779032389345,Load Users 1-39,POST /batch mixed tasks,200,491
1779032389763,Load Users 1-47,GET /work random mode,200,75
1779032389632,Load Users 1-12,POST /batch mixed tasks,200,216
1779032389591,Load Users 1-90,POST /batch mixed tasks,200,264
1779032389429,Load Users 1-50,POST /batch mixed tasks,200,428
1779032389603,Load Users 1-22,GET /work random mode,200,259
1779032389737,Load Users 1-54,GET /work random mode,200,126
1779032389513,Load Users 1-17,POST /batch mixed tasks,200,357
1779032389852,Load Users 1-77,GET /work random mode,200,21
1779032389545,Load Users 1-61,POST /batch mixed tasks,200,330
1779032389687,Load Users 1-62,POST /batch mixed tasks,200,195
1779032389433,Load Users 1-56,POST /batch mixed tasks,200,453
1779032389722,Load Users 1-13,POST /batch mixed tasks,200,166
1779032389885,Load Users 1-38,GET /work random mode,200,5
1779032389457,Load Users 1-80,POST /batch mixed tasks,200,437
1779032389696,Load Users 1-9,POST /batch mixed tasks,200,198
1779032389791,Load Users 1-43,POST /batch mixed tasks,200,114
1779032389643,Load Users 1-55,GET /work random mode,200,274
1779032389429,Load Users 1-31,GET /work random mode,200,491
1779032389911,Load Users 1-12,GET /work random mode,200,11
1779032389725,Load Users 1-10,GET /work random mode,200,200
1779032389538,Load Users 1-37,GET /work random mode,200,389
1779032389633,Load Users 1-3,POST /batch mixed tasks,200,295
1779032389218,Load Users 1-35,POST /batch mixed tasks,200,713
1779032389772,Load Users 1-48,GET /work random mode,200,161
1779032389656,Load Users 1-70,POST /batch mixed tasks,200,282
1779032389922,Load Users 1-22,GET /work random mode,200,18
1779032389889,Load Users 1-93,GET /work random mode,200,66
1779032389919,Load Users 1-53,GET /work random mode,200,38
1779032389510,Load Users 1-2,GET /work random mode,200,448
1779032389838,Load Users 1-45,GET /work random mode,200,123
1779032389729,Load Users 1-87,POST /batch mixed tasks,200,237
1779032389435,Load Users 1-4,POST /batch mixed tasks,200,537
1779032389347,Load Users 1-30,GET /work random mode,200,628
1779032389962,Load Users 1-26,GET /work random mode,200,16
1779032389806,Load Users 1-40,GET /work random mode,200,173
1779032389166,Load Users 1-59,POST /batch mixed tasks,200,813
1779032389408,Load Users 1-60,GET /work random mode,200,573
1779032389791,Load Users 1-18,POST /batch mixed tasks,200,190
1779032389804,Load Users 1-97,GET /work random mode,200,181
1779032389270,Load Users 1-57,POST /batch mixed tasks,200,715
1779032389966,Load Users 1-38,GET /work random mode,200,22
1779032389882,Load Users 1-1,GET /work random mode,200,109
1779032389913,Load Users 1-90,GET /work random mode,200,79
1779032389586,Load Users 1-71,GET /work random mode,200,408
1779032389444,Load Users 1-46,POST /batch mixed tasks,200,550
1779032389982,Load Users 1-77,GET /work random mode,200,12
1779032389995,Load Users 1-53,GET /work random mode,200,2
1779032389848,Load Users 1-67,GET /work random mode,200,154
1779032389896,Load Users 1-83,POST /batch mixed tasks,200,109
1779032389517,Load Users 1-20,GET /work random mode,200,489
1779032389974,Load Users 1-56,GET /work random mode,200,36
1779032389423,Load Users 1-73,GET /work random mode,200,593
1779032389797,Load Users 1-68,POST /batch mixed tasks,200,222
1779032389842,Load Users 1-27,GET /work random mode,200,179
1779032389653,Load Users 1-25,POST /batch mixed tasks,200,373
1779032390013,Load Users 1-30,GET /work random mode,200,19
1779032389756,Load Users 1-81,GET /work random mode,200,284
1779032389961,Load Users 1-50,GET /work random mode,200,81
1779032389844,Load Users 1-74,GET /work random mode,200,206
1779032389794,Load Users 1-65,GET /work random mode,200,272
1779032389564,Load Users 1-34,GET /work random mode,200,502
1779032389665,Load Users 1-72,POST /batch mixed tasks,200,415
1779032389934,Load Users 1-24,POST /batch mixed tasks,200,147
1779032389343,Load Users 1-92,POST /batch mixed tasks,200,743
1779032389494,Load Users 1-51,GET /work random mode,200,597
1779032389938,Load Users 1-98,GET /work random mode,200,153
1779032389655,Load Users 1-88,GET /work random mode,200,439
1779032389599,Load Users 1-33,POST /batch mixed tasks,200,495
1779032390085,Load Users 1-18,GET /work random mode,200,10
1779032390038,Load Users 1-59,GET /work random mode,200,59
1779032389650,Load Users 1-49,POST /batch mixed tasks,200,452
1779032390039,Load Users 1-26,GET /work random mode,200,65
1779032390023,Load Users 1-48,GET /work random mode,200,81
1779032389368,Load Users 1-69,POST /batch mixed tasks,200,738
1779032389411,Load Users 1-11,GET /work random mode,200,703
1779032389990,Load Users 1-12,POST /batch mixed tasks,200,129
1779032390033,Load Users 1-70,POST /batch mixed tasks,200,87
1779032389828,Load Users 1-95,GET /work random mode,200,298
1779032389750,Load Users 1-66,POST /batch mixed tasks,200,376
1779032390100,Load Users 1-25,GET /work random mode,200,34
1779032389890,Load Users 1-100,GET /work random mode,200,250
1779032390094,Load Users 1-97,POST /batch mixed tasks,200,70
1779032389203,Load Users 1-84,POST /batch mixed tasks,200,962
1779032390045,Load Users 1-45,GET /work random mode,200,123
1779032390073,Load Users 1-35,GET /work random mode,200,98
1779032389439,Load Users 1-89,GET /work random mode,200,733
1779032389347,Load Users 1-42,POST /batch mixed tasks,200,833
1779032389329,Load Users 1-58,POST /batch mixed tasks,200,853
1779032390135,Load Users 1-34,GET /work random mode,200,47
1779032389923,Load Users 1-16,POST /batch mixed tasks,200,259
1779032390011,Load Users 1-43,POST /batch mixed tasks,200,176
1779032389871,Load Users 1-96,POST /batch mixed tasks,200,317
1779032390147,Load Users 1-74,GET /work random mode,200,43
1779032389876,Load Users 1-79,GET /work random mode,200,314
1779032390007,Load Users 1-61,POST /batch mixed tasks,200,195
1779032389901,Load Users 1-19,POST /batch mixed tasks,200,303
1779032389475,Load Users 1-32,GET /work random mode,200,733
1779032389713,Load Users 1-23,GET /work random mode,200,502
1779032389439,Load Users 1-99,GET /work random mode,200,784
1779032390068,Load Users 1-31,POST /batch mixed tasks,200,162
1779032390087,Load Users 1-40,POST /batch mixed tasks,200,145
1779032390169,Load Users 1-81,GET /work random mode,200,68
1779032389693,Load Users 1-5,GET /work random mode,200,549
1779032389756,Load Users 1-41,POST /batch mixed tasks,200,486
1779032390217,Load Users 1-72,GET /work random mode,200,31
1779032390087,Load Users 1-53,GET /work random mode,200,166
1779032390108,Load Users 1-4,GET /work random mode,200,148
1779032389814,Load Users 1-85,GET /work random mode,200,447
1779032390080,Load Users 1-57,POST /batch mixed tasks,200,182
1779032389740,Load Users 1-28,GET /work random mode,200,527
1779032390108,Load Users 1-67,POST /batch mixed tasks,200,160
1779032390253,Load Users 1-89,GET /work random mode,200,27
1779032390029,Load Users 1-3,POST /batch mixed tasks,200,253
1779032390258,Load Users 1-35,GET /work random mode,200,29
1779032389703,Load Users 1-82,POST /batch mixed tasks,200,586
1779032389854,Load Users 1-52,POST /batch mixed tasks,200,448
1779032389982,Load Users 1-17,POST /batch mixed tasks,200,324
1779032389925,Load Users 1-13,POST /batch mixed tasks,200,391
1779032389883,Load Users 1-7,POST /batch mixed tasks,200,437
1779032390081,Load Users 1-77,GET /work random mode,200,242
1779032390026,Load Users 1-93,GET /work random mode,200,300
1779032390126,Load Users 1-1,POST /batch mixed tasks,200,203
1779032390058,Load Users 1-2,POST /batch mixed tasks,200,271
1779032389875,Load Users 1-94,POST /batch mixed tasks,200,465
1779032390084,Load Users 1-60,POST /batch mixed tasks,200,260
1779032390210,Load Users 1-97,GET /work random mode,200,139
1779032389941,Load Users 1-9,POST /batch mixed tasks,200,410
1779032389805,Load Users 1-63,POST /batch mixed tasks,200,548
1779032390348,Load Users 1-67,GET /work random mode,200,10
1779032389984,Load Users 1-39,POST /batch mixed tasks,200,374
1779032390028,Load Users 1-80,GET /work random mode,200,331
1779032390316,Load Users 1-89,GET /work random mode,200,56
1779032390214,Load Users 1-24,GET /work random mode,200,164
1779032390238,Load Users 1-51,GET /work random mode,200,145
1779032390253,Load Users 1-100,GET /work random mode,200,132
1779032390253,Load Users 1-66,GET /work random mode,200,134
1779032390364,Load Users 1-85,GET /work random mode,200,33
1779032389469,Load Users 1-76,POST /batch mixed tasks,200,935
1779032390258,Load Users 1-19,GET /work random mode,200,146
1779032390375,Load Users 1-72,GET /work random mode,200,30
1779032390120,Load Users 1-30,POST /batch mixed tasks,200,289
1779032389829,Load Users 1-14,POST /batch mixed tasks,200,581
1779032389618,Load Users 1-21,POST /batch mixed tasks,200,794
1779032390206,Load Users 1-48,GET /work random mode,200,206
1779032390229,Load Users 1-45,POST /batch mixed tasks,200,186
1779032389533,Load Users 1-6,POST /batch mixed tasks,200,888
1779032390357,Load Users 1-5,GET /work random mode,200,71
1779032390345,Load Users 1-31,POST /batch mixed tasks,200,91
1779032390221,Load Users 1-92,POST /batch mixed tasks,200,215
1779032390030,Load Users 1-55,GET /work random mode,200,411
1779032390373,Load Users 1-77,GET /work random mode,200,75
1779032390126,Load Users 1-71,POST /batch mixed tasks,200,324
1779032390287,Load Users 1-23,GET /work random mode,200,163
1779032390104,Load Users 1-68,GET /work random mode,200,347
1779032390341,Load Users 1-17,POST /batch mixed tasks,200,111
1779032389785,Load Users 1-78,GET /work random mode,200,670
1779032390204,Load Users 1-33,POST /batch mixed tasks,200,252
1779032390277,Load Users 1-74,GET /work random mode,200,182
1779032390458,Load Users 1-13,GET /work random mode,200,12
1779032390118,Load Users 1-73,POST /batch mixed tasks,200,353
1779032390477,Load Users 1-89,GET /work random mode,200,3
1779032389898,Load Users 1-54,POST /batch mixed tasks,200,588
1779032390485,Load Users 1-19,GET /work random mode,200,4
1779032389235,Load Users 1-36,GET /work random mode,200,1261
1779032390485,Load Users 1-51,GET /work random mode,200,12
1779032390489,Load Users 1-67,GET /work random mode,200,15
1779032390176,Load Users 1-50,GET /work random mode,200,329
1779032390304,Load Users 1-16,GET /work random mode,200,212
1779032390106,Load Users 1-87,POST /batch mixed tasks,200,420
1779032389743,Load Users 1-91,GET /work random mode,200,785
1779032390277,Load Users 1-79,POST /batch mixed tasks,200,252
1779032390140,Load Users 1-69,POST /batch mixed tasks,200,394
1779032389971,Load Users 1-10,POST /batch mixed tasks,200,565
1779032390029,Load Users 1-37,POST /batch mixed tasks,200,508
1779032390084,Load Users 1-90,GET /work random mode,200,455
1779032390082,Load Users 1-46,POST /batch mixed tasks,200,459
1779032390430,Load Users 1-3,POST /batch mixed tasks,200,111
1779032390243,Load Users 1-58,POST /batch mixed tasks,200,307
1779032390327,Load Users 1-61,POST /batch mixed tasks,200,230
1779032390234,Load Users 1-18,POST /batch mixed tasks,200,327
1779032390120,Load Users 1-38,POST /batch mixed tasks,200,455
1779032389739,Load Users 1-29,GET /work random mode,200,842
1779032390304,Load Users 1-96,POST /batch mixed tasks,200,283
1779032390463,Load Users 1-100,GET /work random mode,200,125
1779032390575,Load Users 1-77,GET /work random mode,200,14
1779032390447,Load Users 1-66,POST /batch mixed tasks,200,143
1779032390584,Load Users 1-55,GET /work random mode,200,11
1779032390259,Load Users 1-11,POST /batch mixed tasks,200,338
1779032389667,Load Users 1-75,POST /batch mixed tasks,200,931
1779032390548,Load Users 1-13,GET /work random mode,200,57
1779032390366,Load Users 1-57,POST /batch mixed tasks,200,240
1779032390599,Load Users 1-69,GET /work random mode,200,13
1779032390509,Load Users 1-17,POST /batch mixed tasks,200,105
1779032389555,Load Users 1-15,POST /batch mixed tasks,200,1059
1779032390442,Load Users 1-2,POST /batch mixed tasks,200,175
1779032390064,Load Users 1-56,POST /batch mixed tasks,200,554
1779032390481,Load Users 1-85,POST /batch mixed tasks,200,138
1779032389899,Load Users 1-47,POST /batch mixed tasks,200,720
1779032390331,Load Users 1-4,GET /work random mode,200,290
1779032390232,Load Users 1-25,POST /batch mixed tasks,200,390
1779032390294,Load Users 1-99,POST /batch mixed tasks,200,331
1779032390327,Load Users 1-53,POST /batch mixed tasks,200,301
1779032390245,Load Users 1-59,GET /work random mode,200,385
1779032390516,Load Users 1-72,POST /batch mixed tasks,200,115
1779032390478,Load Users 1-1,GET /work random mode,200,154
1779032389464,Load Users 1-86,GET /work random mode,200,1170
1779032390613,Load Users 1-51,GET /work random mode,200,22
1779032390288,Load Users 1-34,POST /batch mixed tasks,200,353
1779032390158,Load Users 1-65,GET /work random mode,200,483
1779032390411,Load Users 1-28,GET /work random mode,200,238
1779032390008,Load Users 1-62,GET /work random mode,200,644
1779032390115,Load Users 1-20,POST /batch mixed tasks,200,556
1779032390550,Load Users 1-31,GET /work random mode,200,125
1779032390660,Load Users 1-38,GET /work random mode,200,16
1779032390362,Load Users 1-81,POST /batch mixed tasks,200,318
1779032390531,Load Users 1-48,GET /work random mode,200,164
1779032390613,Load Users 1-3,POST /batch mixed tasks,200,87
1779032390591,Load Users 1-50,POST /batch mixed tasks,200,111
1779032390450,Load Users 1-94,GET /work random mode,200,255
1779032390656,Load Users 1-55,GET /work random mode,200,54
1779032390357,Load Users 1-41,POST /batch mixed tasks,200,355
1779032390343,Load Users 1-35,GET /work random mode,200,371
1779032390429,Load Users 1-39,POST /batch mixed tasks,200,285
1779032390458,Load Users 1-80,POST /batch mixed tasks,200,265
1779032390373,Load Users 1-93,GET /work random mode,200,350
1779032390565,Load Users 1-78,POST /batch mixed tasks,200,166
1779032390420,Load Users 1-82,POST /batch mixed tasks,200,326
1779032390168,Load Users 1-95,POST /batch mixed tasks,200,580
1779032390513,Load Users 1-24,GET /work random mode,200,236
1779032390590,Load Users 1-23,POST /batch mixed tasks,200,165
1779032390648,Load Users 1-13,GET /work random mode,200,113
1779032390149,Load Users 1-27,POST /batch mixed tasks,200,614
1779032390279,Load Users 1-42,GET /work random mode,200,485
1779032390247,Load Users 1-49,POST /batch mixed tasks,200,522
1779032390671,Load Users 1-90,POST /batch mixed tasks,200,98
1779032390674,Load Users 1-58,GET /work random mode,200,99
1779032390689,Load Users 1-15,GET /work random mode,200,86
1779032389745,Load Users 1-8,POST /batch mixed tasks,200,1038
1779032390493,Load Users 1-63,POST /batch mixed tasks,200,296
1779032390623,Load Users 1-67,GET /work random mode,200,167
1779032390687,Load Users 1-51,GET /work random mode,200,104
1779032390769,Load Users 1-20,GET /work random mode,200,24
1779032390646,Load Users 1-16,POST /batch mixed tasks,200,151
1779032390531,Load Users 1-92,POST /batch mixed tasks,200,266
1779032390349,Load Users 1-52,POST /batch mixed tasks,200,452
1779032390200,Load Users 1-70,GET /work random mode,200,616
1779032390770,Load Users 1-39,GET /work random mode,200,54
1779032390512,Load Users 1-6,POST /batch mixed tasks,200,314
1779032390079,Load Users 1-22,POST /batch mixed tasks,200,753
1779032390627,Load Users 1-96,POST /batch mixed tasks,200,213
1779032390784,Load Users 1-62,GET /work random mode,200,57
1779032390603,Load Users 1-73,GET /work random mode,200,238
1779032390552,Load Users 1-71,GET /work random mode,200,290
1779032390628,Load Users 1-36,POST /batch mixed tasks,200,215
1779032390141,Load Users 1-98,POST /batch mixed tasks,200,709
1779032390662,Load Users 1-61,POST /batch mixed tasks,200,188
1779032390695,Load Users 1-11,POST /batch mixed tasks,200,158
1779032390675,Load Users 1-100,POST /batch mixed tasks,200,183
1779032390728,Load Users 1-85,POST /batch mixed tasks,200,142
1779032390287,Load Users 1-43,POST /batch mixed tasks,200,588
1779032390875,Load Users 1-15,GET /work random mode,200,2
1779032389590,Load Users 1-64,POST /batch mixed tasks,200,1291
1779032390489,Load Users 1-76,GET /work random mode,200,399
1779032390133,Load Users 1-83,POST /batch mixed tasks,200,756
1779032390466,Load Users 1-21,POST /batch mixed tasks,200,431
1779032390836,Load Users 1-92,GET /work random mode,200,73
1779032390310,Load Users 1-40,POST /batch mixed tasks,200,609
1779032390721,Load Users 1-99,GET /work random mode,200,212
1779032390357,Load Users 1-32,GET /work random mode,200,578
1779032390831,Load Users 1-3,GET /work random mode,200,109
1779032390525,Load Users 1-30,GET /work random mode,200,421
1779032390591,Load Users 1-79,GET /work random mode,200,355
1779032390511,Load Users 1-33,POST /batch mixed tasks,200,441
1779032390858,Load Users 1-58,POST /batch mixed tasks,200,98
1779032390610,Load Users 1-19,POST /batch mixed tasks,200,347
1779032390797,Load Users 1-94,POST /batch mixed tasks,200,165
1779032390763,Load Users 1-93,GET /work random mode,200,206
1779032390952,Load Users 1-70,GET /work random mode,200,18
1779032390515,Load Users 1-74,POST /batch mixed tasks,200,464
1779032390694,Load Users 1-25,POST /batch mixed tasks,200,290
1779032390845,Load Users 1-13,GET /work random mode,200,144
1779032390616,Load Users 1-37,POST /batch mixed tasks,200,383
1779032390702,Load Users 1-4,POST /batch mixed tasks,200,297
1779032390588,Load Users 1-89,POST /batch mixed tasks,200,429
1779032390821,Load Users 1-50,POST /batch mixed tasks,200,197
1779032390943,Load Users 1-83,GET /work random mode,200,81
1779032390502,Load Users 1-5,GET /work random mode,200,523
1779032390375,Load Users 1-7,POST /batch mixed tasks,200,654
1779032389666,Load Users 1-44,POST /batch mixed tasks,200,1365
1779032391031,Load Users 1-94,GET /work random mode,200,12
1779032390706,Load Users 1-57,POST /batch mixed tasks,200,341
1779032390769,Load Users 1-31,POST /batch mixed tasks,200,278
1779032390892,Load Users 1-27,GET /work random mode,200,159
1779032390512,Load Users 1-14,POST /batch mixed tasks,200,545
1779032390746,Load Users 1-53,POST /batch mixed tasks,200,317
1779032390633,Load Users 1-46,POST /batch mixed tasks,200,438
1779032390774,Load Users 1-55,POST /batch mixed tasks,200,302
1779032390816,Load Users 1-41,GET /work random mode,200,271
1779032390908,Load Users 1-71,GET /work random mode,200,194
1779032390124,Load Users 1-88,POST /batch mixed tasks,200,978
1779032390780,Load Users 1-78,POST /batch mixed tasks,200,326
1779032390962,Load Users 1-15,POST /batch mixed tasks,200,148
1779032391034,Load Users 1-79,GET /work random mode,200,76
1779032390715,Load Users 1-28,POST /batch mixed tasks,200,396
1779032390965,Load Users 1-11,GET /work random mode,200,149
1779032390437,Load Users 1-9,POST /batch mixed tasks,200,678
1779032391087,Load Users 1-13,GET /work random mode,200,29
1779032391093,Load Users 1-83,GET /work random mode,200,24
1779032390942,Load Users 1-98,POST /batch mixed tasks,200,178
1779032390909,Load Users 1-42,POST /batch mixed tasks,200,211
1779032390669,Load Users 1-18,GET /work random mode,200,458
1779032390947,Load Users 1-76,GET /work random mode,200,183
1779032390887,Load Users 1-95,GET /work random mode,200,245
1779032390859,Load Users 1-80,GET /work random mode,200,277
1779032391124,Load Users 1-57,GET /work random mode,200,19
1779032391117,Load Users 1-7,GET /work random mode,200,27
1779032390900,Load Users 1-8,POST /batch mixed tasks,200,245
1779032390961,Load Users 1-100,POST /batch mixed tasks,200,186
1779032390671,Load Users 1-59,POST /batch mixed tasks,200,482
1779032391157,Load Users 1-13,GET /work random mode,200,16
1779032390906,Load Users 1-62,POST /batch mixed tasks,200,271
1779032390912,Load Users 1-90,POST /batch mixed tasks,200,265
1779032390971,Load Users 1-39,GET /work random mode,200,207
1779032390736,Load Users 1-48,POST /batch mixed tasks,200,443
1779032390859,Load Users 1-6,POST /batch mixed tasks,200,325
1779032390792,Load Users 1-23,GET /work random mode,200,397
1779032390785,Load Users 1-38,POST /batch mixed tasks,200,407
1779032391043,Load Users 1-70,GET /work random mode,200,155
1779032390571,Load Users 1-10,GET /work random mode,200,630
1779032391040,Load Users 1-99,GET /work random mode,200,165
1779032390862,Load Users 1-49,POST /batch mixed tasks,200,354
1779032390583,Load Users 1-68,POST /batch mixed tasks,200,634
1779032390471,Load Users 1-97,POST /batch mixed tasks,200,748
1779032390968,Load Users 1-36,POST /batch mixed tasks,200,251
1779032391032,Load Users 1-25,POST /batch mixed tasks,200,195
1779032391000,Load Users 1-40,GET /work random mode,200,229
1779032390216,Load Users 1-12,GET /work random mode,200,1014
1779032391218,Load Users 1-42,GET /work random mode,200,29
1779032391095,Load Users 1-5,POST /batch mixed tasks,200,156
1779032391204,Load Users 1-8,GET /work random mode,200,49
1779032390766,Load Users 1-1,POST /batch mixed tasks,200,490
1779032390472,Load Users 1-45,GET /work random mode,200,785
1779032390996,Load Users 1-32,POST /batch mixed tasks,200,262
1779032390883,Load Users 1-67,POST /batch mixed tasks,200,381
1779032390671,Load Users 1-72,POST /batch mixed tasks,200,598
1779032390988,Load Users 1-21,POST /batch mixed tasks,200,283
1779032390731,Load Users 1-86,GET /work random mode,200,548
1779032391155,Load Users 1-71,POST /batch mixed tasks,200,128
1779032391132,Load Users 1-88,GET /work random mode,200,152
1779032390479,Load Users 1-60,POST /batch mixed tasks,200,810
1779032390729,Load Users 1-69,POST /batch mixed tasks,200,568
1779032391203,Load Users 1-28,POST /batch mixed tasks,200,97
1779032391139,Load Users 1-44,POST /batch mixed tasks,200,163
1779032390950,Load Users 1-61,GET /work random mode,200,360
1779032390905,Load Users 1-85,GET /work random mode,200,407
1779032391299,Load Users 1-13,GET /work random mode,200,13
1779032390752,Load Users 1-56,POST /batch mixed tasks,200,561
1779032391291,Load Users 1-62,GET /work random mode,200,23
1779032390646,Load Users 1-17,POST /batch mixed tasks,200,677
1779032390951,Load Users 1-96,GET /work random mode,200,375
1779032391132,Load Users 1-14,POST /batch mixed tasks,200,201
1779032390764,Load Users 1-34,POST /batch mixed tasks,200,570
1779032391283,Load Users 1-80,GET /work random mode,200,52
1779032391051,Load Users 1-89,GET /work random mode,200,286
1779032390275,Load Users 1-84,POST /batch mixed tasks,200,1069
1779032390636,Load Users 1-87,POST /batch mixed tasks,200,709
1779032390828,Load Users 1-81,GET /work random mode,200,521
1779032390167,Load Users 1-26,GET /work random mode,200,1182
1779032391319,Load Users 1-40,GET /work random mode,200,33
1779032391154,Load Users 1-9,POST /batch mixed tasks,200,199
1779032390872,Load Users 1-16,GET /work random mode,200,491
1779032390967,Load Users 1-64,POST /batch mixed tasks,200,400
1779032391297,Load Users 1-32,GET /work random mode,200,72
1779032391226,Load Users 1-7,POST /batch mixed tasks,200,165
1779032391346,Load Users 1-12,GET /work random mode,200,47
1779032390973,Load Users 1-73,POST /batch mixed tasks,200,424
1779032391378,Load Users 1-60,GET /work random mode,200,27
1779032391151,Load Users 1-11,GET /work random mode,200,258
1779032391133,Load Users 1-27,GET /work random mode,200,276
1779032391014,Load Users 1-33,GET /work random mode,200,407
1779032390653,Load Users 1-77,POST /batch mixed tasks,200,774
1779032391249,Load Users 1-23,POST /batch mixed tasks,200,178
1779032391067,Load Users 1-93,POST /batch mixed tasks,200,364
1779032391234,Load Users 1-98,POST /batch mixed tasks,200,198
1779032391401,Load Users 1-96,GET /work random mode,200,32
1779032390672,Load Users 1-29,POST /batch mixed tasks,200,762
1779032390821,Load Users 1-35,POST /batch mixed tasks,200,619
1779032391422,Load Users 1-61,GET /work random mode,200,19
1779032390843,Load Users 1-52,POST /batch mixed tasks,200,599
1779032390692,Load Users 1-66,GET /work random mode,200,751
1779032391172,Load Users 1-83,POST /batch mixed tasks,200,274
1779032390898,Load Users 1-20,GET /work random mode,200,550
1779032391300,Load Users 1-38,POST /batch mixed tasks,200,151
1779032391210,Load Users 1-57,POST /batch mixed tasks,200,242
1779032390814,Load Users 1-24,POST /batch mixed tasks,200,640
1779032391138,Load Users 1-31,POST /batch mixed tasks,200,319
1779032391195,Load Users 1-76,GET /work random mode,200,265
1779032390880,Load Users 1-63,GET /work random mode,200,582
1779032391405,Load Users 1-84,GET /work random mode,200,59
1779032391364,Load Users 1-1,GET /work random mode,200,101
1779032390701,Load Users 1-65,POST /batch mixed tasks,200,775
1779032390704,Load Users 1-75,POST /batch mixed tasks,200,778
1779032390656,Load Users 1-47,POST /batch mixed tasks,200,830
1779032391451,Load Users 1-40,GET /work random mode,200,35
1779032390874,Load Users 1-22,POST /batch mixed tasks,200,613
1779032391058,Load Users 1-37,POST /batch mixed tasks,200,430
1779032391360,Load Users 1-49,POST /batch mixed tasks,200,129
1779032391142,Load Users 1-94,GET /work random mode,200,348
1779032391466,Load Users 1-96,GET /work random mode,200,30
1779032391086,Load Users 1-30,GET /work random mode,200,412
1779032391340,Load Users 1-25,POST /batch mixed tasks,200,168
1779032391347,Load Users 1-97,POST /batch mixed tasks,200,163
1779032391491,Load Users 1-81,GET /work random mode,200,21
1779032391181,Load Users 1-95,POST /batch mixed tasks,200,335
1779032391038,Load Users 1-58,POST /batch mixed tasks,200,479
1779032391149,Load Users 1-53,POST /batch mixed tasks,200,372
1779032390966,Load Users 1-92,GET /work random mode,200,557
1779032391272,Load Users 1-99,POST /batch mixed tasks,200,253
1779032391449,Load Users 1-27,POST /batch mixed tasks,200,80
1779032391423,Load Users 1-7,GET /work random mode,200,113
1779032391333,Load Users 1-68,POST /batch mixed tasks,200,203
1779032391149,Load Users 1-50,POST /batch mixed tasks,200,392
1779032391367,Load Users 1-14,POST /batch mixed tasks,200,184
1779032391543,Load Users 1-38,GET /work random mode,200,9
1779032391260,Load Users 1-59,POST /batch mixed tasks,200,292
1779032391483,Load Users 1-64,GET /work random mode,200,73
1779032391405,Load Users 1-32,POST /batch mixed tasks,200,167
1779032391582,Load Users 1-81,GET /work random mode,200,3
1779032391118,Load Users 1-55,GET /work random mode,200,468
1779032391260,Load Users 1-48,POST /batch mixed tasks,200,329
1779032391530,Load Users 1-63,GET /work random mode,200,60
1779032391345,Load Users 1-71,GET /work random mode,200,250
1779032391507,Load Users 1-16,GET /work random mode,200,95
1779032391379,Load Users 1-5,POST /batch mixed tasks,200,227
1779032390568,Load Users 1-91,POST /batch mixed tasks,200,1042
1779032390922,Load Users 1-51,POST /batch mixed tasks,200,689
1779032391521,Load Users 1-76,GET /work random mode,200,96
1779032390582,Load Users 1-54,POST /batch mixed tasks,200,1036
1779032391574,Load Users 1-40,GET /work random mode,200,45
1779032391512,Load Users 1-52,POST /batch mixed tasks,200,111
1779032391268,Load Users 1-10,POST /batch mixed tasks,200,361
1779032391228,Load Users 1-90,POST /batch mixed tasks,200,414
1779032391448,Load Users 1-11,POST /batch mixed tasks,200,194
1779032391384,Load Users 1-13,GET /work random mode,200,258
1779032391619,Load Users 1-32,GET /work random mode,200,23
1779032391396,Load Users 1-86,POST /batch mixed tasks,200,246
1779032391296,Load Users 1-8,POST /batch mixed tasks,200,346
1779032391445,Load Users 1-26,POST /batch mixed tasks,200,209
1779032391384,Load Users 1-21,GET /work random mode,200,271
1779032391642,Load Users 1-92,GET /work random mode,200,24
1779032391563,Load Users 1-94,GET /work random mode,200,109
1779032391457,Load Users 1-56,POST /batch mixed tasks,200,221
1779032391210,Load Users 1-41,GET /work random mode,200,470
1779032391268,Load Users 1-70,POST /batch mixed tasks,200,420
1779032391417,Load Users 1-69,POST /batch mixed tasks,200,272
1779032391534,Load Users 1-31,POST /batch mixed tasks,200,155
1779032391229,Load Users 1-18,GET /work random mode,200,460
1779032391619,Load Users 1-38,GET /work random mode,200,72
1779032391112,Load Users 1-46,POST /batch mixed tasks,200,582
1779032391542,Load Users 1-49,GET /work random mode,200,156
1779032390744,Load Users 1-2,GET /work random mode,200,956
1779032391530,Load Users 1-12,GET /work random mode,200,176
1779032391694,Load Users 1-55,GET /work random mode,200,12
1779032391577,Load Users 1-1,POST /batch mixed tasks,200,129
1779032391670,Load Users 1-27,GET /work random mode,200,37
1779032391456,Load Users 1-85,POST /batch mixed tasks,200,252
1779032391038,Load Users 1-19,POST /batch mixed tasks,200,671
1779032391244,Load Users 1-79,POST /batch mixed tasks,200,466
1779032391527,Load Users 1-65,GET /work random mode,200,188
1779032391699,Load Users 1-5,GET /work random mode,200,16
1779032391565,Load Users 1-97,POST /batch mixed tasks,200,153
1779032391581,Load Users 1-24,POST /batch mixed tasks,200,150
1779032391475,Load Users 1-29,POST /batch mixed tasks,200,257
1779032391580,Load Users 1-35,POST /batch mixed tasks,200,155
1779032391730,Load Users 1-2,GET /work random mode,200,6
1779032391024,Load Users 1-43,POST /batch mixed tasks,200,713
1779032391733,Load Users 1-13,GET /work random mode,200,12
1779032391659,Load Users 1-58,GET /work random mode,200,96
1779032391030,Load Users 1-3,POST /batch mixed tasks,200,726
1779032391577,Load Users 1-20,POST /batch mixed tasks,200,185
1779032391725,Load Users 1-48,GET /work random mode,200,38
1779032391176,Load Users 1-15,GET /work random mode,200,592
1779032391625,Load Users 1-64,GET /work random mode,200,143
1779032391700,Load Users 1-14,GET /work random mode,200,68
1779032391037,Load Users 1-74,GET /work random mode,200,739
1779032391618,Load Users 1-25,GET /work random mode,200,159
1779032391343,Load Users 1-72,POST /batch mixed tasks,200,444
1779032391452,Load Users 1-34,POST /batch mixed tasks,200,348
1779032391345,Load Users 1-67,POST /batch mixed tasks,200,469
1779032391756,Load Users 1-18,GET /work random mode,200,61
1779032391451,Load Users 1-17,POST /batch mixed tasks,200,372
1779032391197,Load Users 1-100,POST /batch mixed tasks,200,633
1779032391463,Load Users 1-60,POST /batch mixed tasks,200,388
1779032391481,Load Users 1-87,POST /batch mixed tasks,200,372
1779032391474,Load Users 1-9,GET /work random mode,200,382
1779032391796,Load Users 1-31,GET /work random mode,200,61
1779032391711,Load Users 1-26,GET /work random mode,200,150
1779032391611,Load Users 1-30,POST /batch mixed tasks,200,252
1779032391740,Load Users 1-40,GET /work random mode,200,130
1779032391772,Load Users 1-94,POST /batch mixed tasks,200,99
1779032391547,Load Users 1-84,POST /batch mixed tasks,200,325
1779032391487,Load Users 1-93,POST /batch mixed tasks,200,387
1779032391038,Load Users 1-4,POST /batch mixed tasks,200,836
1779032391861,Load Users 1-14,GET /work random mode,200,14
1779032391482,Load Users 1-61,POST /batch mixed tasks,200,394
1779032391559,Load Users 1-66,GET /work random mode,200,318
1779032391768,Load Users 1-90,GET /work random mode,200,112
1779032391861,Load Users 1-97,GET /work random mode,200,28
1779032391875,Load Users 1-58,GET /work random mode,200,23
1779032391621,Load Users 1-59,POST /batch mixed tasks,200,279
1779032391258,Load Users 1-39,POST /batch mixed tasks,200,642
1779032391894,Load Users 1-60,GET /work random mode,200,7
1779032391506,Load Users 1-33,POST /batch mixed tasks,200,396
1779032391750,Load Users 1-51,GET /work random mode,200,161
1779032391793,Load Users 1-70,GET /work random mode,200,120
1779032391360,Load Users 1-36,POST /batch mixed tasks,200,555
1779032391400,Load Users 1-62,POST /batch mixed tasks,200,518
1779032391676,Load Users 1-10,GET /work random mode,200,246
1779032391481,Load Users 1-80,POST /batch mixed tasks,200,444
1779032391773,Load Users 1-19,GET /work random mode,200,155
1779032391716,Load Users 1-32,GET /work random mode,200,226
1779032391930,Load Users 1-39,GET /work random mode,200,20
1779032391628,Load Users 1-81,POST /batch mixed tasks,200,329
1779032391275,Load Users 1-6,GET /work random mode,200,684
1779032391507,Load Users 1-73,POST /batch mixed tasks,200,454
1779032391723,Load Users 1-38,POST /batch mixed tasks,200,240
1779032391700,Load Users 1-8,GET /work random mode,200,267
1779032391944,Load Users 1-18,GET /work random mode,200,30
1779032391574,Load Users 1-98,POST /batch mixed tasks,200,402
1779032391823,Load Users 1-15,GET /work random mode,200,155
1779032391571,Load Users 1-83,POST /batch mixed tasks,200,411
1779032391768,Load Users 1-11,GET /work random mode,200,220
1779032391554,Load Users 1-77,POST /batch mixed tasks,200,436
1779032391853,Load Users 1-2,POST /batch mixed tasks,200,138
1779032391809,Load Users 1-29,POST /batch mixed tasks,200,188
1779032391829,Load Users 1-5,POST /batch mixed tasks,200,168
1779032391928,Load Users 1-26,GET /work random mode,200,73
1779032391735,Load Users 1-52,POST /batch mixed tasks,200,266
1779032391794,Load Users 1-24,POST /batch mixed tasks,200,209
1779032391970,Load Users 1-19,GET /work random mode,200,34
1779032391926,Load Users 1-25,POST /batch mixed tasks,200,82
1779032391808,Load Users 1-79,POST /batch mixed tasks,200,204
1779032392011,Load Users 1-73,GET /work random mode,200,3
1779032391735,Load Users 1-41,POST /batch mixed tasks,200,283
1779032391572,Load Users 1-57,POST /batch mixed tasks,200,446
1779032391961,Load Users 1-70,GET /work random mode,200,61
1779032391962,Load Users 1-60,POST /batch mixed tasks,200,75
1779032391850,Load Users 1-34,GET /work random mode,200,193
1779032391473,Load Users 1-23,GET /work random mode,200,572
1779032391866,Load Users 1-100,POST /batch mixed tasks,200,179
1779032392036,Load Users 1-59,GET /work random mode,200,13
1779032392034,Load Users 1-19,GET /work random mode,200,22
1779032391755,Load Users 1-92,GET /work random mode,200,302
1779032391427,Load Users 1-89,GET /work random mode,200,636
1779032391799,Load Users 1-49,GET /work random mode,200,264
1779032392001,Load Users 1-30,GET /work random mode,200,75
1779032391770,Load Users 1-46,POST /batch mixed tasks,200,316
1779032391217,Load Users 1-78,POST /batch mixed tasks,200,870
1779032392074,Load Users 1-73,GET /work random mode,200,15
1779032391876,Load Users 1-3,GET /work random mode,200,218
1779032392080,Load Users 1-41,GET /work random mode,200,22
1779032390871,Load Users 1-82,GET /work random mode,200,1238
1779032391756,Load Users 1-54,POST /batch mixed tasks,200,356
1779032391697,Load Users 1-21,GET /work random mode,200,418
1779032391424,Load Users 1-88,GET /work random mode,200,691
1779032391630,Load Users 1-47,POST /batch mixed tasks,200,485
1779032391989,Load Users 1-61,GET /work random mode,200,130
1779032391914,Load Users 1-4,POST /batch mixed tasks,200,210
1779032391378,Load Users 1-42,POST /batch mixed tasks,200,750
1779032392057,Load Users 1-81,POST /batch mixed tasks,200,71
1779032392036,Load Users 1-52,GET /work random mode,200,93
1779032391965,Load Users 1-80,POST /batch mixed tasks,200,174
1779032392102,Load Users 1-70,GET /work random mode,200,38
1779032391621,Load Users 1-95,GET /work random mode,200,530
1779032391620,Load Users 1-63,POST /batch mixed tasks,200,536
1779032391842,Load Users 1-13,GET /work random mode,200,336
1779032391746,Load Users 1-56,GET /work random mode,200,433
1779032391655,Load Users 1-68,POST /batch mixed tasks,200,527
1779032391659,Load Users 1-53,POST /batch mixed tasks,200,524
1779032391642,Load Users 1-99,POST /batch mixed tasks,200,542
1779032391957,Load Users 1-17,GET /work random mode,200,230
1779032391859,Load Users 1-72,POST /batch mixed tasks,200,334
1779032392054,Load Users 1-83,GET /work random mode,200,143
1779032391849,Load Users 1-64,GET /work random mode,200,365
1779032391982,Load Users 1-87,GET /work random mode,200,235
1779032391562,Load Users 1-75,POST /batch mixed tasks,200,662
1779032392085,Load Users 1-39,POST /batch mixed tasks,200,150
1779032392001,Load Users 1-10,GET /work random mode,200,236
1779032391622,Load Users 1-37,POST /batch mixed tasks,200,617
1779032392018,Load Users 1-18,POST /batch mixed tasks,200,224
1779032392079,Load Users 1-6,POST /batch mixed tasks,200,170
1779032391642,Load Users 1-50,POST /batch mixed tasks,200,611
1779032391910,Load Users 1-67,POST /batch mixed tasks,200,344
1779032391731,Load Users 1-16,GET /work random mode,200,527
1779032392243,Load Users 1-72,GET /work random mode,200,16
1779032391949,Load Users 1-66,GET /work random mode,200,311
1779032392124,Load Users 1-30,POST /batch mixed tasks,200,142
1779032391980,Load Users 1-94,POST /batch mixed tasks,200,288
1779032392232,Load Users 1-68,GET /work random mode,200,39
1779032392201,Load Users 1-61,GET /work random mode,200,76
1779032391446,Load Users 1-44,POST /batch mixed tasks,200,833
1779032391757,Load Users 1-86,POST /batch mixed tasks,200,529
1779032392037,Load Users 1-98,GET /work random mode,200,261
1779032392059,Load Users 1-38,GET /work random mode,200,241
1779032391729,Load Users 1-69,GET /work random mode,200,575
1779032391666,Load Users 1-76,POST /batch mixed tasks,200,649
1779032391956,Load Users 1-31,POST /batch mixed tasks,200,359
1779032392121,Load Users 1-2,POST /batch mixed tasks,200,198
1779032392196,Load Users 1-92,POST /batch mixed tasks,200,125
1779032391330,Load Users 1-28,POST /batch mixed tasks,200,999
1779032391581,Load Users 1-22,POST /batch mixed tasks,200,752
1779032392329,Load Users 1-17,GET /work random mode,200,11
1779032392047,Load Users 1-25,POST /batch mixed tasks,200,293
1779032392168,Load Users 1-3,GET /work random mode,200,173
1779032392080,Load Users 1-24,POST /batch mixed tasks,200,261
1779032391788,Load Users 1-12,POST /batch mixed tasks,200,554
1779032392247,Load Users 1-82,GET /work random mode,200,97
1779032391652,Load Users 1-91,POST /batch mixed tasks,200,694
1779032391820,Load Users 1-1,GET /work random mode,200,528
1779032391794,Load Users 1-43,GET /work random mode,200,559
1779032392100,Load Users 1-77,GET /work random mode,200,255
1779032392001,Load Users 1-97,POST /batch mixed tasks,200,360
1779032392067,Load Users 1-32,POST /batch mixed tasks,200,300
1779032392116,Load Users 1-100,GET /work random mode,200,252
1779032392334,Load Users 1-6,GET /work random mode,200,37
1779032392196,Load Users 1-19,POST /batch mixed tasks,200,177
1779032392374,Load Users 1-72,GET /work random mode,200,3
1779032391764,Load Users 1-65,GET /work random mode,200,613
1779032392368,Load Users 1-30,GET /work random mode,200,12
1779032392376,Load Users 1-12,GET /work random mode,200,6
1779032391641,Load Users 1-7,POST /batch mixed tasks,200,744
1779032392381,Load Users 1-16,GET /work random mode,200,7
1779032392043,Load Users 1-79,GET /work random mode,200,346
1779032392008,Load Users 1-36,POST /batch mixed tasks,200,384
1779032392163,Load Users 1-88,POST /batch mixed tasks,200,232
1779032391711,Load Users 1-71,POST /batch mixed tasks,200,687
1779032392011,Load Users 1-62,POST /batch mixed tasks,200,389
1779032391854,Load Users 1-85,GET /work random mode,200,548
1779032392035,Load Users 1-11,GET /work random mode,200,373
1779032392415,Load Users 1-100,GET /work random mode,200,14
1779032392314,Load Users 1-64,POST /batch mixed tasks,200,115
1779032392077,Load Users 1-5,GET /work random mode,200,358
1779032392111,Load Users 1-29,GET /work random mode,200,325
1779032392163,Load Users 1-47,POST /batch mixed tasks,200,273
1779032392214,Load Users 1-52,GET /work random mode,200,224
1779032392074,Load Users 1-57,GET /work random mode,200,368
1779032391980,Load Users 1-14,GET /work random mode,200,468
1779032392212,Load Users 1-21,POST /batch mixed tasks,200,245
1779032391947,Load Users 1-93,POST /batch mixed tasks,200,534
1779032392271,Load Users 1-13,GET /work random mode,200,210
1779032391806,Load Users 1-27,POST /batch mixed tasks,200,679
1779032392034,Load Users 1-51,POST /batch mixed tasks,200,473
1779032392486,Load Users 1-97,GET /work random mode,200,21
1779032392303,Load Users 1-39,POST /batch mixed tasks,200,206
1779032392400,Load Users 1-94,POST /batch mixed tasks,200,127
1779032391342,Load Users 1-45,POST /batch mixed tasks,200,1185
1779032392215,Load Users 1-73,GET /work random mode,200,314
1779032392452,Load Users 1-28,GET /work random mode,200,79
1779032392123,Load Users 1-15,GET /work random mode,200,409
1779032392496,Load Users 1-36,GET /work random mode,200,46
1779032392203,Load Users 1-81,POST /batch mixed tasks,200,342
1779032392515,Load Users 1-13,GET /work random mode,200,41
1779032392347,Load Users 1-61,POST /batch mixed tasks,200,210
1779032392230,Load Users 1-54,GET /work random mode,200,328
1779032392168,Load Users 1-42,POST /batch mixed tasks,200,391
1779032392470,Load Users 1-91,POST /batch mixed tasks,200,92
1779032392349,Load Users 1-38,POST /batch mixed tasks,200,219
1779032392321,Load Users 1-66,POST /batch mixed tasks,200,248
1779032392380,Load Users 1-10,POST /batch mixed tasks,200,191
1779032392190,Load Users 1-63,GET /work random mode,200,384
1779032392552,Load Users 1-51,GET /work random mode,200,25
1779032392423,Load Users 1-77,POST /batch mixed tasks,200,164
1779032392126,Load Users 1-78,POST /batch mixed tasks,200,470
1779032391581,Load Users 1-96,POST /batch mixed tasks,200,1016
1779032391989,Load Users 1-90,POST /batch mixed tasks,200,608
1779032392514,Load Users 1-100,POST /batch mixed tasks,200,84
1779032391799,Load Users 1-20,POST /batch mixed tasks,200,801
1779032392567,Load Users 1-47,GET /work random mode,200,39
1779032391785,Load Users 1-55,POST /batch mixed tasks,200,828
1779032391841,Load Users 1-48,POST /batch mixed tasks,200,792
1779032392453,Load Users 1-22,POST /batch mixed tasks,200,185
1779032392454,Load Users 1-12,POST /batch mixed tasks,200,184
1779032392393,Load Users 1-67,POST /batch mixed tasks,200,254
1779032392511,Load Users 1-57,POST /batch mixed tasks,200,136
1779032392644,Load Users 1-66,GET /work random mode,200,14
1779032392112,Load Users 1-8,POST /batch mixed tasks,200,561
1779032392541,Load Users 1-11,GET /work random mode,200,138
1779032391929,Load Users 1-9,POST /batch mixed tasks,200,753
1779032392450,Load Users 1-72,GET /work random mode,200,239
1779032392622,Load Users 1-27,POST /batch mixed tasks,200,68
1779032392432,Load Users 1-17,GET /work random mode,200,271
1779032392140,Load Users 1-34,POST /batch mixed tasks,200,567
1779032392560,Load Users 1-14,GET /work random mode,200,147
1779032391940,Load Users 1-33,POST /batch mixed tasks,200,767
1779032392194,Load Users 1-59,POST /batch mixed tasks,200,517
1779032392633,Load Users 1-73,GET /work random mode,200,88
1779032392560,Load Users 1-64,POST /batch mixed tasks,200,162
1779032392468,Load Users 1-29,POST /batch mixed tasks,200,254
1779032392266,Load Users 1-53,GET /work random mode,200,460
1779032392516,Load Users 1-71,GET /work random mode,200,214
1779032391833,Load Users 1-74,POST /batch mixed tasks,200,897
1779032392622,Load Users 1-97,GET /work random mode,200,109
1779032392639,Load Users 1-45,GET /work random mode,200,92
1779032392230,Load Users 1-46,POST /batch mixed tasks,200,508
1779032392415,Load Users 1-68,GET /work random mode,200,326
1779032392630,Load Users 1-36,GET /work random mode,200,116
1779032392703,Load Users 1-48,GET /work random mode,200,54
1779032392634,Load Users 1-10,GET /work random mode,200,126
1779032392376,Load Users 1-50,POST /batch mixed tasks,200,388
1779032392178,Load Users 1-49,POST /batch mixed tasks,200,586
1779032392450,Load Users 1-31,POST /batch mixed tasks,200,337
1779032392485,Load Users 1-82,POST /batch mixed tasks,200,303
1779032392661,Load Users 1-94,POST /batch mixed tasks,200,128
1779032392733,Load Users 1-20,GET /work random mode,200,62
1779032392370,Load Users 1-2,POST /batch mixed tasks,200,430
1779032392708,Load Users 1-22,POST /batch mixed tasks,200,100
1779032392319,Load Users 1-37,POST /batch mixed tasks,200,492
1779032392028,Load Users 1-58,POST /batch mixed tasks,200,785
1779032392807,Load Users 1-48,GET /work random mode,200,6
1779032392365,Load Users 1-86,GET /work random mode,200,452
1779032392797,Load Users 1-36,GET /work random mode,200,21
1779032392456,Load Users 1-6,POST /batch mixed tasks,200,365
1779032392340,Load Users 1-69,GET /work random mode,200,483
1779032392568,Load Users 1-21,POST /batch mixed tasks,200,257
1779032392825,Load Users 1-97,GET /work random mode,200,3
1779032392509,Load Users 1-19,POST /batch mixed tasks,200,326
1779032392541,Load Users 1-93,GET /work random mode,200,294
1779032392136,Load Users 1-60,GET /work random mode,200,703
1779032392460,Load Users 1-76,POST /batch mixed tasks,200,406
1779032392680,Load Users 1-63,GET /work random mode,200,186
1779032392787,Load Users 1-67,POST /batch mixed tasks,200,92
1779032392821,Load Users 1-45,GET /work random mode,200,64
1779032392380,Load Users 1-25,POST /batch mixed tasks,200,515
1779032392697,Load Users 1-38,POST /batch mixed tasks,200,202
1779032392708,Load Users 1-8,POST /batch mixed tasks,200,196
1779032392455,Load Users 1-1,POST /batch mixed tasks,200,450
1779032392457,Load Users 1-92,POST /batch mixed tasks,200,456
1779032392681,Load Users 1-13,POST /batch mixed tasks,200,237
1779032392828,Load Users 1-10,GET /work random mode,200,100
1779032392382,Load Users 1-3,GET /work random mode,200,547
1779032392106,Load Users 1-89,GET /work random mode,200,828
1779032392014,Load Users 1-84,GET /work random mode,200,928
1779032392411,Load Users 1-24,POST /batch mixed tasks,200,542
1779032392196,Load Users 1-80,GET /work random mode,200,760
1779032392342,Load Users 1-44,GET /work random mode,200,615
1779032392269,Load Users 1-95,POST /batch mixed tasks,200,688
1779032392672,Load Users 1-15,POST /batch mixed tasks,200,285
1779032392495,Load Users 1-7,POST /batch mixed tasks,200,465
1779032392485,Load Users 1-62,POST /batch mixed tasks,200,477
1779032392477,Load Users 1-65,POST /batch mixed tasks,200,488
1779032392798,Load Users 1-29,POST /batch mixed tasks,200,168
1779032392878,Load Users 1-37,GET /work random mode,200,92
1779032392114,Load Users 1-23,GET /work random mode,200,857
1779032392266,Load Users 1-83,GET /work random mode,200,712
1779032392910,Load Users 1-48,POST /batch mixed tasks,200,69
1779032392772,Load Users 1-71,POST /batch mixed tasks,200,208
1779032392961,Load Users 1-58,GET /work random mode,200,27
1779032392695,Load Users 1-91,GET /work random mode,200,299
1779032392668,Load Users 1-51,POST /batch mixed tasks,200,327
1779032392994,Load Users 1-92,GET /work random mode,200,4
1779032392765,Load Users 1-12,POST /batch mixed tasks,200,234
1779032392380,Load Users 1-18,GET /work random mode,200,620
1779032392845,Load Users 1-74,POST /batch mixed tasks,200,158
1779032392438,Load Users 1-16,POST /batch mixed tasks,200,579
1779032392061,Load Users 1-26,POST /batch mixed tasks,200,956
1779032392841,Load Users 1-94,POST /batch mixed tasks,200,177
1779032392774,Load Users 1-27,POST /batch mixed tasks,200,248
1779032392585,Load Users 1-39,POST /batch mixed tasks,200,437
1779032392485,Load Users 1-32,GET /work random mode,200,547
1779032392902,Load Users 1-86,GET /work random mode,200,132
1779032392817,Load Users 1-68,GET /work random mode,200,218
1779032392658,Load Users 1-96,GET /work random mode,200,380
1779032392723,Load Users 1-57,GET /work random mode,200,320
1779032391916,Load Users 1-40,POST /batch mixed tasks,200,1130
1779032392498,Load Users 1-88,POST /batch mixed tasks,200,551
1779032392444,Load Users 1-43,POST /batch mixed tasks,200,609
1779032393025,Load Users 1-51,GET /work random mode,200,30
1779032392901,Load Users 1-76,POST /batch mixed tasks,200,155
1779032392693,Load Users 1-55,GET /work random mode,200,366
1779032392193,Load Users 1-4,POST /batch mixed tasks,200,873
1779032392692,Load Users 1-54,POST /batch mixed tasks,200,376
1779032392977,Load Users 1-93,GET /work random mode,200,93
1779032392489,Load Users 1-79,POST /batch mixed tasks,200,584
1779032393013,Load Users 1-83,GET /work random mode,200,62
1779032393050,Load Users 1-24,GET /work random mode,200,25
1779032393044,Load Users 1-91,GET /work random mode,200,41
1779032392517,Load Users 1-52,GET /work random mode,200,569
1779032392762,Load Users 1-59,GET /work random mode,200,327
1779032392906,Load Users 1-20,POST /batch mixed tasks,200,183
1779032393037,Load Users 1-12,GET /work random mode,200,71
1779032393047,Load Users 1-15,GET /work random mode,200,73
1779032393044,Load Users 1-92,GET /work random mode,200,77
1779032392316,Load Users 1-87,GET /work random mode,200,807
1779032393109,Load Users 1-58,GET /work random mode,200,25
1779032393104,Load Users 1-80,GET /work random mode,200,31
1779032392945,Load Users 1-97,POST /batch mixed tasks,200,195
1779032392953,Load Users 1-63,GET /work random mode,200,194
1779032392866,Load Users 1-31,POST /batch mixed tasks,200,282
1779032392891,Load Users 1-19,POST /batch mixed tasks,200,262
1779032393116,Load Users 1-32,GET /work random mode,200,41
1779032393132,Load Users 1-51,GET /work random mode,200,30
1779032393109,Load Users 1-18,GET /work random mode,200,61
1779032393129,Load Users 1-86,GET /work random mode,200,42
1779032392865,Load Users 1-53,GET /work random mode,200,306
1779032393002,Load Users 1-44,GET /work random mode,200,169
1779032392926,Load Users 1-36,POST /batch mixed tasks,200,253
1779032391874,Load Users 1-35,GET /work random mode,200,1308
1779032392668,Load Users 1-78,POST /batch mixed tasks,200,519
1779032392776,Load Users 1-73,POST /batch mixed tasks,200,414
1779032392987,Load Users 1-60,POST /batch mixed tasks,200,207
1779032393071,Load Users 1-74,GET /work random mode,200,124
1779032393164,Load Users 1-40,GET /work random mode,200,32
1779032392687,Load Users 1-100,POST /batch mixed tasks,200,512
1779032393080,Load Users 1-23,POST /batch mixed tasks,200,119
1779032392925,Load Users 1-82,POST /batch mixed tasks,200,280
1779032393078,Load Users 1-68,POST /batch mixed tasks,200,130
1779032392281,Load Users 1-99,GET /work random mode,200,930
1779032392326,Load Users 1-56,POST /batch mixed tasks,200,894
1779032393156,Load Users 1-43,GET /work random mode,200,67
1779032393217,Load Users 1-53,GET /work random mode,200,7
1779032393006,Load Users 1-10,POST /batch mixed tasks,200,228
1779032393158,Load Users 1-27,POST /batch mixed tasks,200,86
1779032393079,Load Users 1-39,POST /batch mixed tasks,200,169
1779032393059,Load Users 1-29,POST /batch mixed tasks,200,202
1779032393249,Load Users 1-78,GET /work random mode,200,17
1779032393109,Load Users 1-4,POST /batch mixed tasks,200,161
1779032392906,Load Users 1-49,POST /batch mixed tasks,200,364
1779032392842,Load Users 1-17,POST /batch mixed tasks,200,437
1779032393270,Load Users 1-32,GET /work random mode,200,15
1779032392528,Load Users 1-5,POST /batch mixed tasks,200,762
1779032393122,Load Users 1-52,GET /work random mode,200,171
1779032393039,Load Users 1-62,GET /work random mode,200,254
1779032393089,Load Users 1-37,POST /batch mixed tasks,200,206
1779032392842,Load Users 1-46,POST /batch mixed tasks,200,455
1779032392817,Load Users 1-50,POST /batch mixed tasks,200,480
1779032392683,Load Users 1-90,POST /batch mixed tasks,200,632
1779032392354,Load Users 1-75,POST /batch mixed tasks,200,963
1779032392440,Load Users 1-85,GET /work random mode,200,886
1779032393167,Load Users 1-15,GET /work random mode,200,160
1779032392766,Load Users 1-11,GET /work random mode,200,565
1779032393160,Load Users 1-20,POST /batch mixed tasks,200,174
1779032393261,Load Users 1-80,POST /batch mixed tasks,200,74
1779032392707,Load Users 1-61,POST /batch mixed tasks,200,630
1779032393290,Load Users 1-36,GET /work random mode,200,50
1779032392210,Load Users 1-70,POST /batch mixed tasks,200,1142
1779032393272,Load Users 1-19,POST /batch mixed tasks,200,84
1779032393216,Load Users 1-31,GET /work random mode,200,142
1779032393359,Load Users 1-37,GET /work random mode,200,8
1779032392843,Load Users 1-33,POST /batch mixed tasks,200,528
1779032392990,Load Users 1-8,GET /work random mode,200,387
1779032393379,Load Users 1-11,GET /work random mode,200,2
1779032392198,Load Users 1-41,GET /work random mode,200,1193
1779032393032,Load Users 1-13,POST /batch mixed tasks,200,367
1779032393296,Load Users 1-44,POST /batch mixed tasks,200,106
1779032393154,Load Users 1-88,POST /batch mixed tasks,200,254
1779032393009,Load Users 1-38,GET /work random mode,200,402
1779032392709,Load Users 1-66,POST /batch mixed tasks,200,711
1779032393171,Load Users 1-79,GET /work random mode,200,254
1779032393058,Load Users 1-71,POST /batch mixed tasks,200,372
1779032393380,Load Users 1-32,GET /work random mode,200,53
1779032393180,Load Users 1-63,GET /work random mode,200,256
1779032393246,Load Users 1-40,GET /work random mode,200,195
1779032393337,Load Users 1-73,GET /work random mode,200,104
1779032393227,Load Users 1-87,GET /work random mode,200,224
1779032393097,Load Users 1-48,POST /batch mixed tasks,200,356
1779032393370,Load Users 1-61,GET /work random mode,200,99
1779032393149,Load Users 1-91,GET /work random mode,200,321
1779032392868,Load Users 1-6,POST /batch mixed tasks,200,602
1779032393432,Load Users 1-50,GET /work random mode,200,38
1779032392967,Load Users 1-67,GET /work random mode,200,505
1779032392610,Load Users 1-81,GET /work random mode,200,862
1779032393111,Load Users 1-93,GET /work random mode,200,366
1779032393447,Load Users 1-88,GET /work random mode,200,30
1779032393245,Load Users 1-99,GET /work random mode,200,233
1779032393167,Load Users 1-92,POST /batch mixed tasks,200,313
1779032393338,Load Users 1-74,GET /work random mode,200,148
1779032393456,Load Users 1-85,GET /work random mode,200,31
1779032393380,Load Users 1-4,POST /batch mixed tasks,200,107
1779032392959,Load Users 1-1,POST /batch mixed tasks,200,529
1779032393407,Load Users 1-33,GET /work random mode,200,82
1779032392925,Load Users 1-69,POST /batch mixed tasks,200,564
1779032392928,Load Users 1-21,GET /work random mode,200,568
1779032393203,Load Users 1-18,GET /work random mode,200,294
1779032392818,Load Users 1-14,GET /work random mode,200,685
1779032393502,Load Users 1-41,GET /work random mode,200,2
1779032393488,Load Users 1-11,GET /work random mode,200,23
1779032393317,Load Users 1-49,GET /work random mode,200,196
1779032393201,Load Users 1-83,GET /work random mode,200,313
1779032392689,Load Users 1-42,GET /work random mode,200,827
1779032392761,Load Users 1-64,POST /batch mixed tasks,200,756
1779032393277,Load Users 1-97,POST /batch mixed tasks,200,243
1779032392684,Load Users 1-77,POST /batch mixed tasks,200,839
1779032393521,Load Users 1-74,GET /work random mode,200,10
1779032393151,Load Users 1-96,POST /batch mixed tasks,200,381
1779032393335,Load Users 1-56,GET /work random mode,200,202
1779032393245,Load Users 1-35,POST /batch mixed tasks,200,292
1779032393329,Load Users 1-82,GET /work random mode,200,210
1779032393467,Load Users 1-71,GET /work random mode,200,77
1779032393411,Load Users 1-5,GET /work random mode,200,133
1779032393456,Load Users 1-38,GET /work random mode,200,98
1779032393106,Load Users 1-55,GET /work random mode,200,449
1779032393084,Load Users 1-95,POST /batch mixed tasks,200,472
1779032393160,Load Users 1-16,POST /batch mixed tasks,200,400
1779032393254,Load Users 1-60,POST /batch mixed tasks,200,311
1779032393573,Load Users 1-40,GET /work random mode,200,7
1779032393558,Load Users 1-99,GET /work random mode,200,27
1779032393403,Load Users 1-31,POST /batch mixed tasks,200,195
1779032393596,Load Users 1-74,GET /work random mode,200,3
1779032393328,Load Users 1-68,POST /batch mixed tasks,200,276
1779032393403,Load Users 1-90,POST /batch mixed tasks,200,222
1779032392637,Load Users 1-47,POST /batch mixed tasks,200,989
1779032393584,Load Users 1-42,GET /work random mode,200,43
1779032393229,Load Users 1-59,POST /batch mixed tasks,200,400
1779032393205,Load Users 1-24,GET /work random mode,200,425
1779032393602,Load Users 1-71,GET /work random mode,200,29
1779032393413,Load Users 1-75,GET /work random mode,200,221
1779032393539,Load Users 1-61,GET /work random mode,200,101
1779032393499,Load Users 1-63,GET /work random mode,200,141
1779032393615,Load Users 1-41,GET /work random mode,200,26
1779032393509,Load Users 1-8,GET /work random mode,200,134
1779032393635,Load Users 1-40,GET /work random mode,200,16
1779032392771,Load Users 1-34,GET /work random mode,200,880
1779032393621,Load Users 1-16,GET /work random mode,200,44
1779032393631,Load Users 1-14,GET /work random mode,200,36
1779032393078,Load Users 1-89,POST /batch mixed tasks,200,594
1779032392966,Load Users 1-3,POST /batch mixed tasks,200,707
1779032393584,Load Users 1-6,POST /batch mixed tasks,200,90
1779032393099,Load Users 1-57,GET /work random mode,200,578
1779032393387,Load Users 1-19,POST /batch mixed tasks,200,304
1779032393632,Load Users 1-74,POST /batch mixed tasks,200,65
1779032393685,Load Users 1-40,GET /work random mode,200,14
1779032393326,Load Users 1-27,GET /work random mode,200,381
1779032393397,Load Users 1-29,GET /work random mode,200,310
1779032393662,Load Users 1-99,GET /work random mode,200,46
1779032393596,Load Users 1-60,POST /batch mixed tasks,200,114
1779032392444,Load Users 1-30,POST /batch mixed tasks,200,1267
1779032392775,Load Users 1-72,POST /batch mixed tasks,200,953
1779032393603,Load Users 1-67,POST /batch mixed tasks,200,133
1779032393706,Load Users 1-41,GET /work random mode,200,33
1779032393697,Load Users 1-8,GET /work random mode,200,52
1779032393592,Load Users 1-18,GET /work random mode,200,166
1779032393571,Load Users 1-93,GET /work random mode,200,188
1779032392580,Load Users 1-28,POST /batch mixed tasks,200,1188
1779032393728,Load Users 1-31,GET /work random mode,200,42
1779032393187,Load Users 1-76,GET /work random mode,200,585
1779032393445,Load Users 1-70,POST /batch mixed tasks,200,330
1779032393244,Load Users 1-100,GET /work random mode,200,534
1779032393328,Load Users 1-10,POST /batch mixed tasks,200,459
1779032393479,Load Users 1-44,GET /work random mode,200,309
1779032393423,Load Users 1-80,POST /batch mixed tasks,200,373
1779032393569,Load Users 1-96,GET /work random mode,200,229
1779032393536,Load Users 1-1,POST /batch mixed tasks,200,266
1779032393775,Load Users 1-19,GET /work random mode,200,27
1779032393029,Load Users 1-7,POST /batch mixed tasks,200,775
1779032393086,Load Users 1-94,POST /batch mixed tasks,200,721
1779032393721,Load Users 1-63,POST /batch mixed tasks,200,90
1779032393701,Load Users 1-71,GET /work random mode,200,113
1779032393514,Load Users 1-81,GET /work random mode,200,301
1779032393367,Load Users 1-43,POST /batch mixed tasks,200,451
1779032393639,Load Users 1-38,GET /work random mode,200,184
1779032392372,Load Users 1-98,POST /batch mixed tasks,200,1458
1779032393298,Load Users 1-23,POST /batch mixed tasks,200,532
1779032393680,Load Users 1-61,POST /batch mixed tasks,200,153
1779032393632,Load Users 1-85,GET /work random mode,200,202
1779032393247,Load Users 1-12,GET /work random mode,200,594
1779032393601,Load Users 1-4,POST /batch mixed tasks,200,246
1779032393646,Load Users 1-49,POST /batch mixed tasks,200,202
1779032393520,Load Users 1-32,POST /batch mixed tasks,200,330
1779032393485,Load Users 1-37,GET /work random mode,200,366
1779032392860,Load Users 1-2,POST /batch mixed tasks,200,1004
1779032393845,Load Users 1-31,GET /work random mode,200,19
1779032393621,Load Users 1-55,GET /work random mode,200,250
1779032393015,Load Users 1-84,POST /batch mixed tasks,200,864
1779032393812,Load Users 1-14,GET /work random mode,200,78
1779032393539,Load Users 1-73,GET /work random mode,200,354
1779032393338,Load Users 1-53,GET /work random mode,200,556
1779032393703,Load Users 1-95,POST /batch mixed tasks,200,191
1779032393589,Load Users 1-64,GET /work random mode,200,322
1779032393823,Load Users 1-18,POST /batch mixed tasks,200,100
1779032393927,Load Users 1-4,GET /work random mode,200,5
1779032393546,Load Users 1-48,POST /batch mixed tasks,200,389
1779032393469,Load Users 1-66,POST /batch mixed tasks,200,468
1779032393745,Load Users 1-75,POST /batch mixed tasks,200,192
1779032393710,Load Users 1-24,GET /work random mode,200,231
1779032393826,Load Users 1-10,GET /work random mode,200,116
1779032393680,Load Users 1-35,GET /work random mode,200,263
1779032393943,Load Users 1-14,GET /work random mode,200,1
1779032393619,Load Users 1-83,GET /work random mode,200,329
1779032393461,Load Users 1-36,GET /work random mode,200,487
1779032393467,Load Users 1-15,GET /work random mode,200,484
1779032393893,Load Users 1-81,POST /batch mixed tasks,200,64
1779032393891,Load Users 1-28,GET /work random mode,200,75
1779032392779,Load Users 1-9,POST /batch mixed tasks,200,1188
1779032393782,Load Users 1-72,GET /work random mode,200,188
1779032393429,Load Users 1-46,POST /batch mixed tasks,200,547
1779032393594,Load Users 1-11,GET /work random mode,200,387
1779032393968,Load Users 1-31,GET /work random mode,200,18
1779032393813,Load Users 1-29,POST /batch mixed tasks,200,176
1779032393300,Load Users 1-39,POST /batch mixed tasks,200,691
1779032393864,Load Users 1-80,GET /work random mode,200,130
1779032393670,Load Users 1-56,GET /work random mode,200,325
1779032393748,Load Users 1-27,GET /work random mode,200,247
1779032393990,Load Users 1-12,GET /work random mode,200,10
1779032393276,Load Users 1-58,POST /batch mixed tasks,200,732
1779032393762,Load Users 1-57,GET /work random mode,200,251
1779032393372,Load Users 1-20,GET /work random mode,200,654
1779032393939,Load Users 1-43,GET /work random mode,200,92
1779032392998,Load Users 1-25,GET /work random mode,200,1033
1779032393734,Load Users 1-42,POST /batch mixed tasks,200,301
1779032394027,Load Users 1-95,GET /work random mode,200,11
1779032393875,Load Users 1-67,GET /work random mode,200,171
1779032393885,Load Users 1-98,GET /work random mode,200,171
1779032393942,Load Users 1-19,GET /work random mode,200,118
1779032394060,Load Users 1-80,GET /work random mode,200,5
1779032393767,Load Users 1-30,POST /batch mixed tasks,200,311
1779032394005,Load Users 1-35,POST /batch mixed tasks,200,77
1779032393723,Load Users 1-3,POST /batch mixed tasks,200,366
1779032393517,Load Users 1-92,GET /work random mode,200,575
1779032393800,Load Users 1-8,POST /batch mixed tasks,200,293
1779032394065,Load Users 1-75,GET /work random mode,200,33
1779032394097,Load Users 1-15,GET /work random mode,200,4
1779032393858,Load Users 1-38,POST /batch mixed tasks,200,244
1779032393777,Load Users 1-34,POST /batch mixed tasks,200,326
1779032393865,Load Users 1-76,POST /batch mixed tasks,200,239
1779032393926,Load Users 1-73,POST /batch mixed tasks,200,186
1779032393699,Load Users 1-16,POST /batch mixed tasks,200,419
1779032393994,Load Users 1-37,POST /batch mixed tasks,200,127
1779032392942,Load Users 1-45,POST /batch mixed tasks,200,1182
1779032393942,Load Users 1-96,GET /work random mode,200,182
1779032393877,Load Users 1-93,POST /batch mixed tasks,200,248
1779032393338,Load Users 1-78,GET /work random mode,200,792
1779032393065,Load Users 1-26,GET /work random mode,200,1078
1779032393575,Load Users 1-91,POST /batch mixed tasks,200,576
1779032394034,Load Users 1-72,GET /work random mode,200,120
1779032393793,Load Users 1-99,GET /work random mode,200,377
1779032393922,Load Users 1-44,POST /batch mixed tasks,200,249
1779032394149,Load Users 1-42,GET /work random mode,200,24
1779032394010,Load Users 1-64,POST /batch mixed tasks,200,168
1779032394095,Load Users 1-20,GET /work random mode,200,89
1779032394011,Load Users 1-81,POST /batch mixed tasks,200,174
1779032393664,Load Users 1-5,POST /batch mixed tasks,200,525
1779032394141,Load Users 1-19,GET /work random mode,200,49
1779032394068,Load Users 1-10,GET /work random mode,200,123
1779032393785,Load Users 1-6,GET /work random mode,200,411
1779032393570,Load Users 1-79,GET /work random mode,200,628
1779032394017,Load Users 1-66,GET /work random mode,200,186
1779032393970,Load Users 1-55,POST /batch mixed tasks,200,235
1779032394197,Load Users 1-76,GET /work random mode,200,10
1779032394020,Load Users 1-36,GET /work random mode,200,192
1779032394134,Load Users 1-27,GET /work random mode,200,84
1779032394178,Load Users 1-98,GET /work random mode,200,43
1779032394155,Load Users 1-57,GET /work random mode,200,69
1779032393336,Load Users 1-62,GET /work random mode,200,889
1779032394199,Load Users 1-35,GET /work random mode,200,29
1779032393802,Load Users 1-60,GET /work random mode,200,426
1779032393598,Load Users 1-82,GET /work random mode,200,633
1779032393813,Load Users 1-70,GET /work random mode,200,420
1779032394224,Load Users 1-26,GET /work random mode,200,11
1779032393896,Load Users 1-2,POST /batch mixed tasks,200,339
1779032393818,Load Users 1-40,GET /work random mode,200,421
1779032393988,Load Users 1-48,GET /work random mode,200,252
1779032393854,Load Users 1-63,GET /work random mode,200,396
1779032393677,Load Users 1-90,POST /batch mixed tasks,200,576
1779032394173,Load Users 1-93,POST /batch mixed tasks,200,81
1779032393878,Load Users 1-23,POST /batch mixed tasks,200,377
1779032394245,Load Users 1-96,GET /work random mode,200,13
1779032392924,Load Users 1-22,POST /batch mixed tasks,200,1336
1779032394237,Load Users 1-73,GET /work random mode,200,25
1779032394138,Load Users 1-80,GET /work random mode,200,124
1779032394045,Load Users 1-58,GET /work random mode,200,225
1779032394019,Load Users 1-4,GET /work random mode,200,254
1779032394112,Load Users 1-11,GET /work random mode,200,168
1779032394136,Load Users 1-56,GET /work random mode,200,147
1779032393056,Load Users 1-65,GET /work random mode,200,1237
1779032393527,Load Users 1-69,GET /work random mode,200,766
1779032393861,Load Users 1-1,GET /work random mode,200,434
1779032394028,Load Users 1-14,POST /batch mixed tasks,200,267
1779032394057,Load Users 1-12,GET /work random mode,200,247
1779032394299,Load Users 1-6,GET /work random mode,200,10
1779032393302,Load Users 1-86,GET /work random mode,200,1011
1779032393927,Load Users 1-71,GET /work random mode,200,386
1779032394290,Load Users 1-22,GET /work random mode,200,37
1779032394110,Load Users 1-28,POST /batch mixed tasks,200,219
1779032393195,Load Users 1-54,POST /batch mixed tasks,200,1135
1779032393508,Load Users 1-87,POST /batch mixed tasks,200,836
1779032394296,Load Users 1-80,GET /work random mode,200,59
1779032393806,Load Users 1-89,POST /batch mixed tasks,200,563
1779032394367,Load Users 1-26,GET /work random mode,200,3
1779032393992,Load Users 1-49,POST /batch mixed tasks,200,384
1779032394319,Load Users 1-42,POST /batch mixed tasks,200,58
1779032394222,Load Users 1-92,GET /work random mode,200,159
1779032393566,Load Users 1-21,POST /batch mixed tasks,200,815
1779032394237,Load Users 1-38,POST /batch mixed tasks,200,153
1779032393362,Load Users 1-52,POST /batch mixed tasks,200,1033
1779032394214,Load Users 1-34,POST /batch mixed tasks,200,183
1779032393954,Load Users 1-18,POST /batch mixed tasks,200,444
1779032394206,Load Users 1-30,POST /batch mixed tasks,200,195
1779032394411,Load Users 1-58,GET /work random mode,200,3
1779032393965,Load Users 1-85,POST /batch mixed tasks,200,455
1779032394266,Load Users 1-37,GET /work random mode,200,156
1779032394087,Load Users 1-9,GET /work random mode,200,335
1779032394229,Load Users 1-78,POST /batch mixed tasks,200,195
1779032394197,Load Users 1-8,GET /work random mode,200,235
1779032394240,Load Users 1-20,POST /batch mixed tasks,200,193
1779032393886,Load Users 1-100,POST /batch mixed tasks,200,550
1779032394306,Load Users 1-10,POST /batch mixed tasks,200,137
1779032394253,Load Users 1-16,POST /batch mixed tasks,200,197
1779032393212,Load Users 1-51,POST /batch mixed tasks,200,1239
1779032394288,Load Users 1-76,POST /batch mixed tasks,200,167
1779032393981,Load Users 1-61,POST /batch mixed tasks,200,475
1779032394214,Load Users 1-3,GET /work random mode,200,251
1779032394440,Load Users 1-28,GET /work random mode,200,35
1779032394185,Load Users 1-75,GET /work random mode,200,293
1779032393613,Load Users 1-33,GET /work random mode,200,867
1779032394398,Load Users 1-23,POST /batch mixed tasks,200,86
1779032394268,Load Users 1-66,POST /batch mixed tasks,200,217
1779032393677,Load Users 1-68,GET /work random mode,200,813
1779032394271,Load Users 1-82,GET /work random mode,200,223
1779032394384,Load Users 1-12,POST /batch mixed tasks,200,114
1779032394384,Load Users 1-11,GET /work random mode,200,117
1779032394372,Load Users 1-4,GET /work random mode,200,133
1779032394310,Load Users 1-99,POST /batch mixed tasks,200,195
1779032393947,Load Users 1-84,POST /batch mixed tasks,200,559
1779032394151,Load Users 1-67,GET /work random mode,200,360
1779032393928,Load Users 1-7,GET /work random mode,200,584
1779032394280,Load Users 1-2,GET /work random mode,200,233
1779032394489,Load Users 1-87,GET /work random mode,200,25
1779032394381,Load Users 1-70,GET /work random mode,200,137
1779032394512,Load Users 1-58,GET /work random mode,200,11
1779032394314,Load Users 1-79,GET /work random mode,200,209
1779032394226,Load Users 1-44,POST /batch mixed tasks,200,298
1779032394413,Load Users 1-92,GET /work random mode,200,116
1779032394061,Load Users 1-29,GET /work random mode,200,472
1779032394506,Load Users 1-78,GET /work random mode,200,29
1779032394533,Load Users 1-28,GET /work random mode,200,4
1779032394420,Load Users 1-54,GET /work random mode,200,121
1779032394371,Load Users 1-35,POST /batch mixed tasks,200,172
1779032394544,Load Users 1-76,GET /work random mode,200,7
1779032394407,Load Users 1-73,POST /batch mixed tasks,200,144
1779032394531,Load Users 1-10,GET /work random mode,200,31
1779032394117,Load Users 1-46,POST /batch mixed tasks,200,450
1779032394255,Load Users 1-5,POST /batch mixed tasks,200,313
1779032394552,Load Users 1-87,GET /work random mode,200,19
1779032394272,Load Users 1-45,POST /batch mixed tasks,200,299
1779032394344,Load Users 1-56,POST /batch mixed tasks,200,229
1779032394549,Load Users 1-51,GET /work random mode,200,29
1779032394528,Load Users 1-34,GET /work random mode,200,50
1779032394392,Load Users 1-80,POST /batch mixed tasks,200,190
1779032394387,Load Users 1-40,GET /work random mode,200,207
1779032394093,Load Users 1-39,POST /batch mixed tasks,200,502
1779032393613,Load Users 1-77,POST /batch mixed tasks,200,988
1779032394341,Load Users 1-57,POST /batch mixed tasks,200,262
1779032394561,Load Users 1-12,GET /work random mode,200,47
1779032393663,Load Users 1-59,POST /batch mixed tasks,200,948
1779032394616,Load Users 1-51,GET /work random mode,200,5
1779032394566,Load Users 1-75,GET /work random mode,200,69
1779032393393,Load Users 1-17,POST /batch mixed tasks,200,1243
1779032394334,Load Users 1-27,POST /batch mixed tasks,200,319
1779032394064,Load Users 1-24,POST /batch mixed tasks,200,590
1779032394562,Load Users 1-16,GET /work random mode,200,92
1779032393708,Load Users 1-47,POST /batch mixed tasks,200,948
1779032394132,Load Users 1-15,POST /batch mixed tasks,200,531
1779032394111,Load Users 1-31,POST /batch mixed tasks,200,552
1779032394319,Load Users 1-60,GET /work random mode,200,355
1779032394580,Load Users 1-28,GET /work random mode,200,96
1779032394654,Load Users 1-76,GET /work random mode,200,25
1779032394443,Load Users 1-38,POST /batch mixed tasks,200,239
1779032394670,Load Users 1-17,GET /work random mode,200,13
1779032394421,Load Users 1-26,GET /work random mode,200,263
1779032394525,Load Users 1-9,POST /batch mixed tasks,200,161
1779032394676,Load Users 1-12,GET /work random mode,200,11
1779032394486,Load Users 1-18,GET /work random mode,200,208
1779032394300,Load Users 1-90,POST /batch mixed tasks,200,399
1779032394461,Load Users 1-86,GET /work random mode,200,241
1779032394324,Load Users 1-19,POST /batch mixed tasks,200,384
1779032394415,Load Users 1-14,POST /batch mixed tasks,200,297
1779032394542,Load Users 1-85,POST /batch mixed tasks,200,171
1779032394649,Load Users 1-2,POST /batch mixed tasks,200,67
1779032394688,Load Users 1-10,GET /work random mode,200,28
1779032394722,Load Users 1-75,GET /work random mode,200,7
1779032394408,Load Users 1-1,GET /work random mode,200,325
1779032394474,Load Users 1-100,POST /batch mixed tasks,200,261
1779032394570,Load Users 1-68,GET /work random mode,200,167
1779032394581,Load Users 1-70,POST /batch mixed tasks,200,157
1779032393984,Load Users 1-83,POST /batch mixed tasks,200,759
1779032393821,Load Users 1-41,GET /work random mode,200,923
1779032394679,Load Users 1-29,GET /work random mode,200,77
1779032394611,Load Users 1-78,GET /work random mode,200,149
1779032394539,Load Users 1-66,GET /work random mode,200,222
1779032393445,Load Users 1-13,POST /batch mixed tasks,200,1325
1779032394330,Load Users 1-69,POST /batch mixed tasks,200,443
1779032394636,Load Users 1-45,GET /work random mode,200,140
1779032394780,Load Users 1-16,GET /work random mode,200,12
1779032394359,Load Users 1-65,POST /batch mixed tasks,200,451
1779032394566,Load Users 1-84,POST /batch mixed tasks,200,245
1779032393601,Load Users 1-50,POST /batch mixed tasks,200,1211
1779032394437,Load Users 1-6,GET /work random mode,200,376
1779032394300,Load Users 1-64,GET /work random mode,200,514
1779032394336,Load Users 1-96,POST /batch mixed tasks,200,479
1779032394791,Load Users 1-70,GET /work random mode,200,28
1779032394344,Load Users 1-55,POST /batch mixed tasks,200,478
1779032394314,Load Users 1-63,POST /batch mixed tasks,200,509
1779032394073,Load Users 1-25,POST /batch mixed tasks,200,756
1779032394803,Load Users 1-75,GET /work random mode,200,27
1779032394782,Load Users 1-83,GET /work random mode,200,56
1779032393821,Load Users 1-74,POST /batch mixed tasks,200,1018
1779032394521,Load Users 1-30,POST /batch mixed tasks,200,322
1779032394458,Load Users 1-22,GET /work random mode,200,385
1779032393997,Load Users 1-53,GET /work random mode,200,847
1779032394429,Load Users 1-52,GET /work random mode,200,417
1779032394799,Load Users 1-2,GET /work random mode,200,51
1779032394728,Load Users 1-31,GET /work random mode,200,123
1779032394367,Load Users 1-62,GET /work random mode,200,488
1779032394593,Load Users 1-33,POST /batch mixed tasks,200,263
1779032394236,Load Users 1-72,POST /batch mixed tasks,200,622
1779032394632,Load Users 1-54,POST /batch mixed tasks,200,232
1779032394644,Load Users 1-59,GET /work random mode,200,221
1779032394642,Load Users 1-67,POST /batch mixed tasks,200,226
1779032394308,Load Users 1-48,POST /batch mixed tasks,200,573
1779032394574,Load Users 1-61,POST /batch mixed tasks,200,308
1779032394093,Load Users 1-95,POST /batch mixed tasks,200,793
1779032394718,Load Users 1-39,GET /work random mode,200,170
1779032394836,Load Users 1-18,GET /work random mode,200,63
1779032394516,Load Users 1-23,POST /batch mixed tasks,200,389
1779032394890,Load Users 1-30,GET /work random mode,200,17
1779032394762,Load Users 1-28,GET /work random mode,200,147
1779032394665,Load Users 1-44,POST /batch mixed tasks,200,246
1779032394851,Load Users 1-13,GET /work random mode,200,63
1779032393612,Load Users 1-97,POST /batch mixed tasks,200,1313
1779032394621,Load Users 1-80,GET /work random mode,200,305
1779032394735,Load Users 1-57,GET /work random mode,200,193
1779032394633,Load Users 1-58,POST /batch mixed tasks,200,296
1779032394469,Load Users 1-8,GET /work random mode,200,461
1779032394712,Load Users 1-56,GET /work random mode,200,219
1779032394606,Load Users 1-99,POST /batch mixed tasks,200,332
1779032394628,Load Users 1-5,GET /work random mode,200,311
1779032394245,Load Users 1-36,POST /batch mixed tasks,200,702
1779032394933,Load Users 1-70,GET /work random mode,200,17
1779032394627,Load Users 1-34,GET /work random mode,200,323
1779032394833,Load Users 1-1,GET /work random mode,200,118
1779032394759,Load Users 1-26,POST /batch mixed tasks,200,196
1779032394926,Load Users 1-31,GET /work random mode,200,31
1779032393899,Load Users 1-32,POST /batch mixed tasks,200,1075
1779032394518,Load Users 1-37,POST /batch mixed tasks,200,460
1779032394761,Load Users 1-51,POST /batch mixed tasks,200,218
1779032394760,Load Users 1-9,GET /work random mode,200,221
1779032394901,Load Users 1-54,GET /work random mode,200,84
1779032394710,Load Users 1-87,POST /batch mixed tasks,200,275
1779032394529,Load Users 1-20,POST /batch mixed tasks,200,458
1779032394345,Load Users 1-71,GET /work random mode,200,649
1779032394635,Load Users 1-7,GET /work random mode,200,360
1779032394905,Load Users 1-52,POST /batch mixed tasks,200,96
1779032394477,Load Users 1-49,GET /work random mode,200,527
1779032394846,Load Users 1-84,GET /work random mode,200,161
1779032394653,Load Users 1-73,POST /batch mixed tasks,200,355
1779032394885,Load Users 1-64,GET /work random mode,200,132
1779032394438,Load Users 1-89,POST /batch mixed tasks,200,588
1779032394917,Load Users 1-96,GET /work random mode,200,114
1779032394687,Load Users 1-35,GET /work random mode,200,347
1779032394756,Load Users 1-76,POST /batch mixed tasks,200,278
1779032394995,Load Users 1-58,GET /work random mode,200,40
1779032395023,Load Users 1-28,GET /work random mode,200,18
1779032393910,Load Users 1-94,GET /work random mode,200,1136
1779032394922,Load Users 1-45,POST /batch mixed tasks,200,128
1779032394675,Load Users 1-92,GET /work random mode,200,378
1779032394937,Load Users 1-63,GET /work random mode,200,120
1779032394818,Load Users 1-68,POST /batch mixed tasks,200,243
1779032394373,Load Users 1-93,GET /work random mode,200,693
1779032394920,Load Users 1-67,GET /work random mode,200,149
1779032394602,Load Users 1-3,POST /batch mixed tasks,200,471
1779032394880,Load Users 1-6,POST /batch mixed tasks,200,193
1779032394644,Load Users 1-82,POST /batch mixed tasks,200,432
1779032394823,Load Users 1-85,POST /batch mixed tasks,200,264
1779032394724,Load Users 1-12,POST /batch mixed tasks,200,372
1779032394597,Load Users 1-11,POST /batch mixed tasks,200,500
1779032394959,Load Users 1-13,POST /batch mixed tasks,200,144
1779032394184,Load Users 1-91,GET /work random mode,200,920
1779032395053,Load Users 1-30,GET /work random mode,200,54
1779032394910,Load Users 1-78,POST /batch mixed tasks,200,201
1779032394581,Load Users 1-4,POST /batch mixed tasks,200,533
1779032394792,Load Users 1-17,POST /batch mixed tasks,200,324
1779032394292,Load Users 1-98,POST /batch mixed tasks,200,829
1779032394890,Load Users 1-74,GET /work random mode,200,236
1779032394943,Load Users 1-44,GET /work random mode,200,196
1779032395079,Load Users 1-73,GET /work random mode,200,71
1779032394864,Load Users 1-10,POST /batch mixed tasks,200,288
1779032394598,Load Users 1-79,GET /work random mode,200,563
1779032394946,Load Users 1-61,GET /work random mode,200,223
1779032394978,Load Users 1-33,POST /batch mixed tasks,200,192
1779032394470,Load Users 1-42,POST /batch mixed tasks,200,702
1779032393568,Load Users 1-88,POST /batch mixed tasks,200,1605
1779032394977,Load Users 1-62,POST /batch mixed tasks,200,202
1779032394878,Load Users 1-100,POST /batch mixed tasks,200,305
1779032395033,Load Users 1-36,POST /batch mixed tasks,200,152
1779032394864,Load Users 1-75,POST /batch mixed tasks,200,327
1779032395168,Load Users 1-82,GET /work random mode,200,27
1779032394962,Load Users 1-53,GET /work random mode,200,240
1779032395093,Load Users 1-96,POST /batch mixed tasks,200,109
1779032395202,Load Users 1-93,GET /work random mode,200,13
1779032395198,Load Users 1-73,GET /work random mode,200,23
1779032394860,Load Users 1-41,POST /batch mixed tasks,200,362
1779032394986,Load Users 1-70,GET /work random mode,200,238
1779032394855,Load Users 1-29,POST /batch mixed tasks,200,379
1779032395009,Load Users 1-97,POST /batch mixed tasks,200,230
1779032395036,Load Users 1-99,GET /work random mode,200,204
1779032395015,Load Users 1-57,GET /work random mode,200,234
1779032394779,Load Users 1-27,POST /batch mixed tasks,200,470
1779032395015,Load Users 1-32,GET /work random mode,200,245
1779032394659,Load Users 1-46,POST /batch mixed tasks,200,608
1779032395039,Load Users 1-56,POST /batch mixed tasks,200,235
1779032394773,Load Users 1-90,POST /batch mixed tasks,200,502
1779032394908,Load Users 1-69,GET /work random mode,200,369
1779032394751,Load Users 1-47,POST /batch mixed tasks,200,528
1779032394645,Load Users 1-77,POST /batch mixed tasks,200,636
1779032394911,Load Users 1-25,POST /batch mixed tasks,200,378
1779032395229,Load Users 1-44,GET /work random mode,200,61
1779032394949,Load Users 1-23,POST /batch mixed tasks,200,346
1779032394812,Load Users 1-66,POST /batch mixed tasks,200,484
1779032394919,Load Users 1-48,POST /batch mixed tasks,200,386
1779032395245,Load Users 1-78,GET /work random mode,200,71
1779032394851,Load Users 1-19,GET /work random mode,200,466
1779032395066,Load Users 1-54,POST /batch mixed tasks,200,256
1779032395064,Load Users 1-51,POST /batch mixed tasks,200,262
1779032394950,Load Users 1-59,POST /batch mixed tasks,200,389
1779032395340,Load Users 1-44,GET /work random mode,200,20
1779032395220,Load Users 1-17,GET /work random mode,200,145
1779032395337,Load Users 1-99,GET /work random mode,200,30
1779032395162,Load Users 1-58,POST /batch mixed tasks,200,207
1779032395116,Load Users 1-84,POST /batch mixed tasks,200,253
1779032395322,Load Users 1-46,GET /work random mode,200,54
1779032394961,Load Users 1-83,POST /batch mixed tasks,200,421
1779032395308,Load Users 1-88,GET /work random mode,200,78
1779032395159,Load Users 1-35,POST /batch mixed tasks,200,228
1779032394325,Load Users 1-81,POST /batch mixed tasks,200,1067
1779032395252,Load Users 1-96,POST /batch mixed tasks,200,140
1779032394961,Load Users 1-39,POST /batch mixed tasks,200,433
1779032395357,Load Users 1-23,GET /work random mode,200,38
1779032395032,Load Users 1-26,POST /batch mixed tasks,200,363
1779032395196,Load Users 1-10,GET /work random mode,200,217
1779032394939,Load Users 1-55,POST /batch mixed tasks,200,474
1779032395362,Load Users 1-25,GET /work random mode,200,59
1779032394507,Load Users 1-21,GET /work random mode,200,919
1779032395314,Load Users 1-61,GET /work random mode,200,114
1779032395275,Load Users 1-79,POST /batch mixed tasks,200,158
1779032395167,Load Users 1-6,GET /work random mode,200,268
1779032395206,Load Users 1-42,POST /batch mixed tasks,200,234
1779032395133,Load Users 1-49,POST /batch mixed tasks,200,307
1779032394962,Load Users 1-2,GET /work random mode,200,479
1779032395142,Load Users 1-76,POST /batch mixed tasks,200,301
1779032395342,Load Users 1-47,POST /batch mixed tasks,200,106
1779032395280,Load Users 1-41,GET /work random mode,200,169
1779032395246,Load Users 1-100,GET /work random mode,200,207
1779032395166,Load Users 1-94,POST /batch mixed tasks,200,289
1779032394790,Load Users 1-15,POST /batch mixed tasks,200,667
1779032395143,Load Users 1-11,GET /work random mode,200,320
1779032394941,Load Users 1-95,GET /work random mode,200,526
1779032395310,Load Users 1-29,POST /batch mixed tasks,200,158
1779032395168,Load Users 1-91,POST /batch mixed tasks,200,301
1779032394946,Load Users 1-65,POST /batch mixed tasks,200,526
1779032395127,Load Users 1-12,POST /batch mixed tasks,200,349
1779032394964,Load Users 1-72,GET /work random mode,200,522
1779032394849,Load Users 1-86,POST /batch mixed tasks,200,637
1779032395477,Load Users 1-55,GET /work random mode,200,12
1779032394864,Load Users 1-50,POST /batch mixed tasks,200,630
1779032395110,Load Users 1-37,GET /work random mode,200,384
1779032395477,Load Users 1-84,GET /work random mode,200,18
1779032394904,Load Users 1-22,GET /work random mode,200,592
1779032395316,Load Users 1-82,GET /work random mode,200,190
1779032395257,Load Users 1-73,POST /batch mixed tasks,200,255
1779032395025,Load Users 1-5,POST /batch mixed tasks,200,493
1779032395515,Load Users 1-26,GET /work random mode,200,4
1779032395232,Load Users 1-33,GET /work random mode,200,291
1779032395096,Load Users 1-64,POST /batch mixed tasks,200,430
1779032395488,Load Users 1-47,GET /work random mode,200,38
1779032395426,Load Users 1-88,POST /batch mixed tasks,200,102
1779032394914,Load Users 1-16,GET /work random mode,200,615
1779032394717,Load Users 1-38,GET /work random mode,200,814
1779032394166,Load Users 1-43,GET /work random mode,200,1369
1779032395190,Load Users 1-67,POST /batch mixed tasks,200,353
1779032395396,Load Users 1-90,POST /batch mixed tasks,200,149
1779032395098,Load Users 1-89,GET /work random mode,200,456
1779032395137,Load Users 1-45,POST /batch mixed tasks,200,420
1779032395436,Load Users 1-23,GET /work random mode,200,131
1779032395492,Load Users 1-46,GET /work random mode,200,79
1779032395074,Load Users 1-71,GET /work random mode,200,497
1779032395153,Load Users 1-30,GET /work random mode,200,425
1779032395137,Load Users 1-13,POST /batch mixed tasks,200,446
1779032395564,Load Users 1-33,GET /work random mode,200,21
1779032395565,Load Users 1-25,GET /work random mode,200,27
1779032395481,Load Users 1-21,GET /work random mode,200,131
1779032395480,Load Users 1-99,GET /work random mode,200,133
1779032395477,Load Users 1-44,GET /work random mode,200,138
1779032394660,Load Users 1-40,GET /work random mode,200,963
1779032395385,Load Users 1-97,GET /work random mode,200,241
1779032395518,Load Users 1-100,POST /batch mixed tasks,200,109
1779032395153,Load Users 1-3,GET /work random mode,200,482
1779032395249,Load Users 1-36,GET /work random mode,200,388
1779032395026,Load Users 1-18,POST /batch mixed tasks,200,612
1779032395277,Load Users 1-75,POST /batch mixed tasks,200,361
1779032395338,Load Users 1-56,POST /batch mixed tasks,200,300
1779032395363,Load Users 1-57,GET /work random mode,200,283
1779032395638,Load Users 1-30,GET /work random mode,200,9
1779032395475,Load Users 1-83,POST /batch mixed tasks,200,174
1779032395066,Load Users 1-9,POST /batch mixed tasks,200,586
1779032395352,Load Users 1-54,POST /batch mixed tasks,200,312
1779032395605,Load Users 1-89,GET /work random mode,200,61
1779032395556,Load Users 1-15,POST /batch mixed tasks,200,111
1779032395663,Load Users 1-67,GET /work random mode,200,7
1779032395660,Load Users 1-25,GET /work random mode,200,29
1779032395632,Load Users 1-90,GET /work random mode,200,60
1779032395662,Load Users 1-97,GET /work random mode,200,31
1779032395323,Load Users 1-32,GET /work random mode,200,379
1779032395537,Load Users 1-22,GET /work random mode,200,168
1779032395079,Load Users 1-52,POST /batch mixed tasks,200,630
1779032395648,Load Users 1-47,GET /work random mode,200,63
1779032394827,Load Users 1-14,GET /work random mode,200,899
1779032395092,Load Users 1-68,GET /work random mode,200,635
1779032395102,Load Users 1-92,POST /batch mixed tasks,200,625
1779032395025,Load Users 1-34,POST /batch mixed tasks,200,704
1779032394688,Load Users 1-24,GET /work random mode,200,1047
1779032395000,Load Users 1-1,POST /batch mixed tasks,200,736
1779032395557,Load Users 1-65,POST /batch mixed tasks,200,179
1779032395610,Load Users 1-72,GET /work random mode,200,130
1779032395449,Load Users 1-78,POST /batch mixed tasks,200,291
1779032395677,Load Users 1-75,POST /batch mixed tasks,200,65
1779032395647,Load Users 1-38,GET /work random mode,200,103
1779032395566,Load Users 1-64,POST /batch mixed tasks,200,190
1779032394786,Load Users 1-60,POST /batch mixed tasks,200,973
1779032395566,Load Users 1-94,POST /batch mixed tasks,200,197
1779032395383,Load Users 1-19,POST /batch mixed tasks,200,382
1779032395440,Load Users 1-59,GET /work random mode,200,331
1779032395704,Load Users 1-36,GET /work random mode,200,81
1779032395762,Load Users 1-56,GET /work random mode,200,30
1779032395212,Load Users 1-85,POST /batch mixed tasks,200,585
1779032395285,Load Users 1-93,GET /work random mode,200,515
1779032395584,Load Users 1-84,POST /batch mixed tasks,200,221
1779032394989,Load Users 1-8,POST /batch mixed tasks,200,816
1779032395568,Load Users 1-12,GET /work random mode,200,247
1779032395718,Load Users 1-89,GET /work random mode,200,107
1779032395461,Load Users 1-10,POST /batch mixed tasks,200,377
1779032395514,Load Users 1-17,POST /batch mixed tasks,200,329
1779032395354,Load Users 1-77,POST /batch mixed tasks,200,492
1779032395683,Load Users 1-44,POST /batch mixed tasks,200,165
1779032395804,Load Users 1-68,GET /work random mode,200,46
1779032395171,Load Users 1-74,POST /batch mixed tasks,200,680
1779032395793,Load Users 1-52,GET /work random mode,200,65
1779032395248,Load Users 1-53,POST /batch mixed tasks,200,614
1779032395567,Load Users 1-26,POST /batch mixed tasks,200,296
1779032395670,Load Users 1-3,GET /work random mode,200,195
1779032395795,Load Users 1-24,GET /work random mode,200,74
1779032395310,Load Users 1-62,POST /batch mixed tasks,200,570
1779032395622,Load Users 1-73,POST /batch mixed tasks,200,259
1779032395871,Load Users 1-12,GET /work random mode,200,17
1779032395614,Load Users 1-45,POST /batch mixed tasks,200,277
1779032395105,Load Users 1-63,POST /batch mixed tasks,200,790
1779032395527,Load Users 1-61,GET /work random mode,200,373
1779032395253,Load Users 1-4,POST /batch mixed tasks,200,652
1779032395812,Load Users 1-1,POST /batch mixed tasks,200,95
1779032395238,Load Users 1-98,POST /batch mixed tasks,200,670
1779032395802,Load Users 1-47,POST /batch mixed tasks,200,107
1779032395495,Load Users 1-81,GET /work random mode,200,420
1779032395898,Load Users 1-44,GET /work random mode,200,19
1779032395668,Load Users 1-100,POST /batch mixed tasks,200,253
1779032395690,Load Users 1-71,POST /batch mixed tasks,200,233
1779032395548,Load Users 1-76,POST /batch mixed tasks,200,385
1779032395678,Load Users 1-30,POST /batch mixed tasks,200,260
1779032395529,Load Users 1-42,GET /work random mode,200,410
1779032395870,Load Users 1-19,GET /work random mode,200,75
1779032395447,Load Users 1-96,GET /work random mode,200,498
1779032395412,Load Users 1-69,POST /batch mixed tasks,200,534
1779032395180,Load Users 1-28,GET /work random mode,200,766
1779032395599,Load Users 1-88,POST /batch mixed tasks,200,353
1779032395926,Load Users 1-84,GET /work random mode,200,26
1779032395934,Load Users 1-73,GET /work random mode,200,23
1779032395508,Load Users 1-91,GET /work random mode,200,457
1779032395073,Load Users 1-87,POST /batch mixed tasks,200,894
1779032395934,Load Users 1-17,GET /work random mode,200,34
1779032395346,Load Users 1-48,POST /batch mixed tasks,200,625
1779032395778,Load Users 1-83,POST /batch mixed tasks,200,195
1779032395611,Load Users 1-43,GET /work random mode,200,362
1779032395847,Load Users 1-32,GET /work random mode,200,128
1779032395321,Load Users 1-70,POST /batch mixed tasks,200,656
1779032395393,Load Users 1-66,GET /work random mode,200,585
1779032395768,Load Users 1-57,GET /work random mode,200,211
1779032395783,Load Users 1-78,GET /work random mode,200,202
1779032395502,Load Users 1-11,POST /batch mixed tasks,200,484
1779032395637,Load Users 1-13,GET /work random mode,200,353
1779032395698,Load Users 1-18,GET /work random mode,200,300
1779032395669,Load Users 1-23,POST /batch mixed tasks,200,343
1779032395630,Load Users 1-50,POST /batch mixed tasks,200,383
1779032395475,Load Users 1-51,POST /batch mixed tasks,200,542
1779032395505,Load Users 1-79,POST /batch mixed tasks,200,512
1779032395851,Load Users 1-34,POST /batch mixed tasks,200,166
1779032395356,Load Users 1-27,POST /batch mixed tasks,200,669
1779032395436,Load Users 1-35,POST /batch mixed tasks,200,593
1779032395496,Load Users 1-39,GET /work random mode,200,537
1779032396035,Load Users 1-88,GET /work random mode,200,2
1779032395039,Load Users 1-80,POST /batch mixed tasks,200,1008
1779032395974,Load Users 1-74,GET /work random mode,200,82
1779032395976,Load Users 1-98,POST /batch mixed tasks,200,84
1779032395889,Load Users 1-8,POST /batch mixed tasks,200,177
1779032395590,Load Users 1-16,POST /batch mixed tasks,200,483
1779032395968,Load Users 1-81,GET /work random mode,200,110
1779032396048,Load Users 1-66,GET /work random mode,200,30
1779032396076,Load Users 1-48,GET /work random mode,200,15
1779032395124,Load Users 1-7,POST /batch mixed tasks,200,975
1779032396063,Load Users 1-28,POST /batch mixed tasks,200,40
1779032395534,Load Users 1-86,POST /batch mixed tasks,200,571
1779032396001,Load Users 1-96,GET /work random mode,200,104
1779032395928,Load Users 1-24,POST /batch mixed tasks,200,183
1779032396083,Load Users 1-43,GET /work random mode,200,30
1779032396109,Load Users 1-79,GET /work random mode,200,6
1779032395718,Load Users 1-9,POST /batch mixed tasks,200,397
1779032396094,Load Users 1-69,GET /work random mode,200,23
1779032395754,Load Users 1-40,POST /batch mixed tasks,200,369
1779032395731,Load Users 1-25,POST /batch mixed tasks,200,392
1779032395747,Load Users 1-97,POST /batch mixed tasks,200,377
1779032395796,Load Users 1-75,GET /work random mode,200,330
1779032395861,Load Users 1-56,GET /work random mode,200,267
1779032395615,Load Users 1-55,GET /work random mode,200,517
1779032395965,Load Users 1-10,GET /work random mode,200,174
1779032395952,Load Users 1-12,GET /work random mode,200,187
1779032395098,Load Users 1-31,POST /batch mixed tasks,200,1045
1779032396128,Load Users 1-50,GET /work random mode,200,21
1779032396139,Load Users 1-28,GET /work random mode,200,11
1779032395992,Load Users 1-26,POST /batch mixed tasks,200,158
1779032395444,Load Users 1-58,GET /work random mode,200,707
1779032396149,Load Users 1-27,GET /work random mode,200,15
1779032395503,Load Users 1-41,POST /batch mixed tasks,200,673
1779032395752,Load Users 1-67,POST /batch mixed tasks,200,436
1779032395833,Load Users 1-65,GET /work random mode,200,356
1779032395564,Load Users 1-29,POST /batch mixed tasks,200,629
1779032395857,Load Users 1-94,POST /batch mixed tasks,200,340
1779032396203,Load Users 1-7,GET /work random mode,200,3
1779032395603,Load Users 1-37,POST /batch mixed tasks,200,609
1779032395547,Load Users 1-2,POST /batch mixed tasks,200,665
1779032396187,Load Users 1-43,GET /work random mode,200,27
1779032396209,Load Users 1-69,GET /work random mode,200,13
1779032396217,Load Users 1-96,GET /work random mode,200,6
1779032396108,Load Users 1-8,POST /batch mixed tasks,200,116
1779032396224,Load Users 1-24,GET /work random mode,200,3
1779032395823,Load Users 1-90,POST /batch mixed tasks,200,405
1779032395642,Load Users 1-33,POST /batch mixed tasks,200,590
1779032396213,Load Users 1-12,GET /work random mode,200,22
1779032395875,Load Users 1-36,GET /work random mode,200,366
1779032396055,Load Users 1-73,POST /batch mixed tasks,200,189
1779032396009,Load Users 1-70,POST /batch mixed tasks,200,240
1779032395513,Load Users 1-6,POST /batch mixed tasks,200,739
1779032396095,Load Users 1-98,POST /batch mixed tasks,200,157
1779032395561,Load Users 1-49,POST /batch mixed tasks,200,691
1779032396023,Load Users 1-11,GET /work random mode,200,232
1779032395948,Load Users 1-89,GET /work random mode,200,319
1779032396213,Load Users 1-58,GET /work random mode,200,59
1779032396053,Load Users 1-42,GET /work random mode,200,226
1779032395905,Load Users 1-64,POST /batch mixed tasks,200,376
1779032396141,Load Users 1-86,GET /work random mode,200,142
1779032396001,Load Users 1-52,POST /batch mixed tasks,200,285
1779032396180,Load Users 1-39,GET /work random mode,200,107
1779032396088,Load Users 1-84,POST /batch mixed tasks,200,199
1779032395790,Load Users 1-15,POST /batch mixed tasks,200,498
1779032396245,Load Users 1-9,GET /work random mode,200,51
1779032396118,Load Users 1-34,POST /batch mixed tasks,200,178
1779032396038,Load Users 1-78,GET /work random mode,200,260
1779032396052,Load Users 1-87,GET /work random mode,200,250
1779032395665,Load Users 1-99,GET /work random mode,200,638
1779032396045,Load Users 1-44,GET /work random mode,200,263
1779032395705,Load Users 1-21,POST /batch mixed tasks,200,605
1779032396281,Load Users 1-12,GET /work random mode,200,29
1779032396297,Load Users 1-43,GET /work random mode,200,23
1779032395503,Load Users 1-95,POST /batch mixed tasks,200,817
1779032395991,Load Users 1-53,GET /work random mode,200,331
1779032395992,Load Users 1-1,POST /batch mixed tasks,200,333
1779032396125,Load Users 1-66,GET /work random mode,200,202
1779032396236,Load Users 1-50,GET /work random mode,200,96
1779032395977,Load Users 1-100,POST /batch mixed tasks,200,355
1779032395959,Load Users 1-61,POST /batch mixed tasks,200,378
1779032395980,Load Users 1-71,GET /work random mode,200,363
1779032395582,Load Users 1-5,POST /batch mixed tasks,200,762
1779032396282,Load Users 1-69,GET /work random mode,200,69
1779032396243,Load Users 1-25,GET /work random mode,200,110
1779032396265,Load Users 1-55,GET /work random mode,200,91
1779032396025,Load Users 1-47,POST /batch mixed tasks,200,335
1779032396333,Load Users 1-98,GET /work random mode,200,30
1779032396066,Load Users 1-51,GET /work random mode,200,299
1779032396156,Load Users 1-97,POST /batch mixed tasks,200,209
1779032395021,Load Users 1-20,POST /batch mixed tasks,200,1347
1779032396084,Load Users 1-23,POST /batch mixed tasks,200,287
1779032396143,Load Users 1-88,GET /work random mode,200,235
1779032396254,Load Users 1-10,GET /work random mode,200,131
1779032396264,Load Users 1-56,GET /work random mode,200,122
1779032396390,Load Users 1-78,GET /work random mode,200,2
1779032396385,Load Users 1-69,GET /work random mode,200,14
1779032396291,Load Users 1-7,GET /work random mode,200,111
1779032395878,Load Users 1-77,POST /batch mixed tasks,200,540
1779032396325,Load Users 1-15,GET /work random mode,200,99
1779032396396,Load Users 1-58,GET /work random mode,200,29
1779032395842,Load Users 1-85,GET /work random mode,200,588
1779032396330,Load Users 1-73,GET /work random mode,200,109
1779032395843,Load Users 1-22,GET /work random mode,200,600
1779032395759,Load Users 1-92,GET /work random mode,200,686
1779032396064,Load Users 1-13,GET /work random mode,200,381
1779032396440,Load Users 1-78,GET /work random mode,200,6
1779032396419,Load Users 1-98,GET /work random mode,200,27
1779032395912,Load Users 1-68,GET /work random mode,200,534
1779032395907,Load Users 1-3,GET /work random mode,200,539
1779032396352,Load Users 1-44,POST /batch mixed tasks,200,95
1779032396241,Load Users 1-41,POST /batch mixed tasks,200,211
1779032396418,Load Users 1-1,GET /work random mode,200,35
1779032396214,Load Users 1-81,GET /work random mode,200,250
1779032396429,Load Users 1-52,GET /work random mode,200,43
1779032396390,Load Users 1-100,GET /work random mode,200,101
1779032396209,Load Users 1-16,POST /batch mixed tasks,200,286
1779032396334,Load Users 1-39,GET /work random mode,200,162
1779032396421,Load Users 1-95,GET /work random mode,200,78
1779032395615,Load Users 1-46,POST /batch mixed tasks,200,886
1779032396375,Load Users 1-21,GET /work random mode,200,127
1779032395878,Load Users 1-93,POST /batch mixed tasks,200,629
1779032396292,Load Users 1-37,POST /batch mixed tasks,200,218
1779032396489,Load Users 1-51,GET /work random mode,200,25
1779032395803,Load Users 1-60,POST /batch mixed tasks,200,713
1779032396028,Load Users 1-76,POST /batch mixed tasks,200,488
1779032396270,Load Users 1-31,POST /batch mixed tasks,200,251
1779032396397,Load Users 1-34,POST /batch mixed tasks,200,125
1779032395863,Load Users 1-59,POST /batch mixed tasks,200,661
1779032396029,Load Users 1-83,POST /batch mixed tasks,200,497
1779032396463,Load Users 1-58,GET /work random mode,200,68
1779032395789,Load Users 1-38,GET /work random mode,200,744
1779032396389,Load Users 1-99,GET /work random mode,200,145
1779032396064,Load Users 1-17,POST /batch mixed tasks,200,480
1779032396033,Load Users 1-19,GET /work random mode,200,524
1779032396092,Load Users 1-74,POST /batch mixed tasks,200,470
1779032396376,Load Users 1-11,GET /work random mode,200,187
1779032396468,Load Users 1-23,GET /work random mode,200,95
1779032395998,Load Users 1-62,GET /work random mode,200,566
1779032396252,Load Users 1-40,POST /batch mixed tasks,200,324
1779032396257,Load Users 1-29,GET /work random mode,200,321
1779032396192,Load Users 1-28,POST /batch mixed tasks,200,393
1779032396541,Load Users 1-68,GET /work random mode,200,61
1779032396363,Load Users 1-64,POST /batch mixed tasks,200,244
1779032396310,Load Users 1-67,POST /batch mixed tasks,200,300
1779032396273,Load Users 1-2,POST /batch mixed tasks,200,340
1779032396320,Load Users 1-70,POST /batch mixed tasks,200,301
1779032396372,Load Users 1-49,GET /work random mode,200,252
1779032395631,Load Users 1-82,POST /batch mixed tasks,200,1000
1779032396594,Load Users 1-17,GET /work random mode,200,39
1779032396608,Load Users 1-83,GET /work random mode,200,28
1779032396560,Load Users 1-81,POST /batch mixed tasks,200,89
1779032396569,Load Users 1-37,GET /work random mode,200,83
1779032395826,Load Users 1-72,GET /work random mode,200,829
1779032396484,Load Users 1-7,POST /batch mixed tasks,200,172
1779032396219,Load Users 1-26,POST /batch mixed tasks,200,447
1779032396507,Load Users 1-88,POST /batch mixed tasks,200,166
1779032396023,Load Users 1-4,POST /batch mixed tasks,200,650
1779032396335,Load Users 1-33,POST /batch mixed tasks,200,339
1779032396521,Load Users 1-44,GET /work random mode,200,155
1779032396352,Load Users 1-90,POST /batch mixed tasks,200,325
1779032396661,Load Users 1-2,GET /work random mode,200,18
1779032396499,Load Users 1-78,POST /batch mixed tasks,200,185
1779032396588,Load Users 1-51,POST /batch mixed tasks,200,97
1779032396289,Load Users 1-8,GET /work random mode,200,399
1779032396161,Load Users 1-80,POST /batch mixed tasks,200,532
1779032396447,Load Users 1-71,POST /batch mixed tasks,200,247
1779032396074,Load Users 1-18,POST /batch mixed tasks,200,623
1779032396406,Load Users 1-66,GET /work random mode,200,296
1779032396580,Load Users 1-3,POST /batch mixed tasks,200,129
1779032396408,Load Users 1-89,GET /work random mode,200,302
1779032396267,Load Users 1-24,POST /batch mixed tasks,200,452
1779032396355,Load Users 1-9,POST /batch mixed tasks,200,366
1779032396228,Load Users 1-65,GET /work random mode,200,494
1779032396462,Load Users 1-69,GET /work random mode,200,262
1779032396476,Load Users 1-97,POST /batch mixed tasks,200,250
1779032396507,Load Users 1-22,GET /work random mode,200,219
1779032396362,Load Users 1-6,POST /batch mixed tasks,200,366
1779032396721,Load Users 1-26,GET /work random mode,200,13
1779032396165,Load Users 1-48,POST /batch mixed tasks,200,573
1779032396413,Load Users 1-5,POST /batch mixed tasks,200,330
1779032396154,Load Users 1-35,POST /batch mixed tasks,200,590
1779032396279,Load Users 1-27,GET /work random mode,200,474
1779032396596,Load Users 1-34,GET /work random mode,200,157
1779032396748,Load Users 1-81,GET /work random mode,200,12
1779032396730,Load Users 1-7,GET /work random mode,200,32
1779032396331,Load Users 1-86,GET /work random mode,200,443
1779032396385,Load Users 1-84,GET /work random mode,200,392
1779032396586,Load Users 1-98,GET /work random mode,200,193
1779032396593,Load Users 1-39,GET /work random mode,200,192
1779032396464,Load Users 1-10,GET /work random mode,200,323
1779032396709,Load Users 1-17,GET /work random mode,200,83
1779032396536,Load Users 1-1,POST /batch mixed tasks,200,259
1779032396127,Load Users 1-57,POST /batch mixed tasks,200,677
1779032396547,Load Users 1-92,POST /batch mixed tasks,200,264
1779032396049,Load Users 1-91,GET /work random mode,200,767
1779032396704,Load Users 1-68,GET /work random mode,200,119
1779032396703,Load Users 1-64,GET /work random mode,200,125
1779032396456,Load Users 1-15,GET /work random mode,200,375
1779032396597,Load Users 1-93,GET /work random mode,200,238
1779032396576,Load Users 1-99,POST /batch mixed tasks,200,263
1779032396460,Load Users 1-25,POST /batch mixed tasks,200,385
1779032396828,Load Users 1-10,GET /work random mode,200,21
1779032396518,Load Users 1-73,GET /work random mode,200,347
1779032396638,Load Users 1-62,POST /batch mixed tasks,200,227
1779032396261,Load Users 1-75,POST /batch mixed tasks,200,606
1779032396854,Load Users 1-89,GET /work random mode,200,15
1779032396862,Load Users 1-27,GET /work random mode,200,7
1779032396803,Load Users 1-51,POST /batch mixed tasks,200,69
1779032396503,Load Users 1-55,POST /batch mixed tasks,200,375
1779032396839,Load Users 1-39,GET /work random mode,200,40
1779032396604,Load Users 1-16,GET /work random mode,200,276
1779032396565,Load Users 1-21,POST /batch mixed tasks,200,315
1779032396855,Load Users 1-97,GET /work random mode,200,34
1779032396435,Load Users 1-50,POST /batch mixed tasks,200,469
1779032396124,Load Users 1-32,POST /batch mixed tasks,200,793
1779032396750,Load Users 1-2,POST /batch mixed tasks,200,170
1779032396823,Load Users 1-86,POST /batch mixed tasks,200,99
1779032396661,Load Users 1-23,POST /batch mixed tasks,200,264
1779032396766,Load Users 1-22,POST /batch mixed tasks,200,161
1779032396203,Load Users 1-79,GET /work random mode,200,724
1779032396867,Load Users 1-34,GET /work random mode,200,69
1779032396671,Load Users 1-19,GET /work random mode,200,269
1779032396614,Load Users 1-74,GET /work random mode,200,336
1779032396949,Load Users 1-73,GET /work random mode,200,6
1779032396841,Load Users 1-69,POST /batch mixed tasks,200,139
1779032396848,Load Users 1-24,GET /work random mode,200,134
1779032396892,Load Users 1-35,GET /work random mode,200,91
1779032396469,Load Users 1-77,POST /batch mixed tasks,200,518
1779032396759,Load Users 1-44,POST /batch mixed tasks,200,230
1779032396972,Load Users 1-50,GET /work random mode,200,19
1779032396549,Load Users 1-76,GET /work random mode,200,443
1779032396839,Load Users 1-3,POST /batch mixed tasks,200,161
1779032396402,Load Users 1-42,POST /batch mixed tasks,200,602
1779032396468,Load Users 1-56,GET /work random mode,200,536
1779032396401,Load Users 1-53,POST /batch mixed tasks,200,603
1779032396507,Load Users 1-52,POST /batch mixed tasks,200,498
1779032396974,Load Users 1-51,GET /work random mode,200,34
1779032396429,Load Users 1-87,POST /batch mixed tasks,200,581
1779032396881,Load Users 1-26,GET /work random mode,200,136
1779032396585,Load Users 1-38,POST /batch mixed tasks,200,433
1779032396383,Load Users 1-12,GET /work random mode,200,636
1779032396333,Load Users 1-36,POST /batch mixed tasks,200,689
1779032396821,Load Users 1-5,GET /work random mode,200,202
1779032396812,Load Users 1-71,GET /work random mode,200,221
1779032396839,Load Users 1-66,POST /batch mixed tasks,200,203
1779032396698,Load Users 1-40,POST /batch mixed tasks,200,349
1779032396513,Load Users 1-20,POST /batch mixed tasks,200,535
1779032396759,Load Users 1-9,POST /batch mixed tasks,200,290
1779032396974,Load Users 1-15,POST /batch mixed tasks,200,78
1779032396943,Load Users 1-55,GET /work random mode,200,121
1779032396931,Load Users 1-62,POST /batch mixed tasks,200,134
1779032397057,Load Users 1-74,GET /work random mode,200,9
1779032396818,Load Users 1-18,POST /batch mixed tasks,200,250
1779032396580,Load Users 1-13,GET /work random mode,200,489
1779032396839,Load Users 1-84,GET /work random mode,200,232
1779032396694,Load Users 1-70,POST /batch mixed tasks,200,378
1779032396504,Load Users 1-85,GET /work random mode,200,570
1779032396988,Load Users 1-21,GET /work random mode,200,90
1779032396881,Load Users 1-57,POST /batch mixed tasks,200,198
1779032397015,Load Users 1-79,GET /work random mode,200,66
1779032396560,Load Users 1-60,GET /work random mode,200,521
1779032396336,Load Users 1-96,POST /batch mixed tasks,200,753
1779032397080,Load Users 1-34,GET /work random mode,200,11
1779032396527,Load Users 1-41,GET /work random mode,200,564
1779032397030,Load Users 1-86,GET /work random mode,200,73
1779032396775,Load Users 1-80,POST /batch mixed tasks,200,332
1779032396725,Load Users 1-88,POST /batch mixed tasks,200,383
1779032396483,Load Users 1-61,POST /batch mixed tasks,200,629
1779032396891,Load Users 1-68,GET /work random mode,200,228
1779032396941,Load Users 1-97,GET /work random mode,200,180
1779032396905,Load Users 1-17,POST /batch mixed tasks,200,219
1779032396717,Load Users 1-90,POST /batch mixed tasks,200,407
1779032396630,Load Users 1-59,GET /work random mode,200,501
1779032397115,Load Users 1-12,GET /work random mode,200,16
1779032396663,Load Users 1-11,POST /batch mixed tasks,200,469
1779032397118,Load Users 1-62,GET /work random mode,200,18
1779032396842,Load Users 1-65,POST /batch mixed tasks,200,297
1779032396688,Load Users 1-82,POST /batch mixed tasks,200,455
1779032396620,Load Users 1-58,POST /batch mixed tasks,200,531
1779032395752,Load Users 1-54,POST /batch mixed tasks,200,1403
1779032397145,Load Users 1-70,GET /work random mode,200,13
1779032396666,Load Users 1-67,POST /batch mixed tasks,200,498
1779032396775,Load Users 1-72,GET /work random mode,200,390
1779032396922,Load Users 1-10,GET /work random mode,200,253
1779032396937,Load Users 1-92,POST /batch mixed tasks,200,242
1779032396948,Load Users 1-89,GET /work random mode,200,235
1779032397155,Load Users 1-41,GET /work random mode,200,29
1779032396812,Load Users 1-4,POST /batch mixed tasks,200,377
1779032396876,Load Users 1-91,POST /batch mixed tasks,200,314
1779032397120,Load Users 1-44,GET /work random mode,200,73
1779032397120,Load Users 1-5,GET /work random mode,200,75
1779032397183,Load Users 1-97,GET /work random mode,200,16
1779032397057,Load Users 1-19,POST /batch mixed tasks,200,144
1779032397100,Load Users 1-66,GET /work random mode,200,102
1779032396825,Load Users 1-81,POST /batch mixed tasks,200,378
1779032396906,Load Users 1-1,POST /batch mixed tasks,200,298
1779032397197,Load Users 1-60,GET /work random mode,200,11
1779032395996,Load Users 1-63,POST /batch mixed tasks,200,1213
1779032397193,Load Users 1-82,GET /work random mode,200,22
1779032397144,Load Users 1-71,GET /work random mode,200,74
1779032396666,Load Users 1-49,POST /batch mixed tasks,200,552
1779032396651,Load Users 1-29,POST /batch mixed tasks,200,568
1779032397095,Load Users 1-51,POST /batch mixed tasks,200,125
1779032397200,Load Users 1-12,GET /work random mode,200,22
1779032397115,Load Users 1-52,GET /work random mode,200,112
1779032396612,Load Users 1-46,POST /batch mixed tasks,200,615
1779032397030,Load Users 1-23,POST /batch mixed tasks,200,197
1779032396875,Load Users 1-7,POST /batch mixed tasks,200,353
1779032396993,Load Users 1-32,POST /batch mixed tasks,200,235
1779032396941,Load Users 1-93,GET /work random mode,200,289
1779032397069,Load Users 1-56,GET /work random mode,200,161
1779032396630,Load Users 1-100,GET /work random mode,200,605
1779032396823,Load Users 1-8,POST /batch mixed tasks,200,414
1779032397116,Load Users 1-35,POST /batch mixed tasks,200,123
1779032397186,Load Users 1-84,GET /work random mode,200,57
1779032396597,Load Users 1-95,GET /work random mode,200,656
1779032397253,Load Users 1-67,GET /work random mode,200,2
1779032396925,Load Users 1-16,POST /batch mixed tasks,200,335
1779032396035,Load Users 1-45,GET /work random mode,200,1227
1779032396786,Load Users 1-37,POST /batch mixed tasks,200,480
1779032397110,Load Users 1-9,GET /work random mode,200,157
1779032397158,Load Users 1-85,GET /work random mode,200,110
1779032397072,Load Users 1-38,GET /work random mode,200,198
1779032396876,Load Users 1-64,POST /batch mixed tasks,200,401
1779032397181,Load Users 1-21,POST /batch mixed tasks,200,109
1779032397259,Load Users 1-70,GET /work random mode,200,32
1779032396913,Load Users 1-98,POST /batch mixed tasks,200,384
1779032397285,Load Users 1-10,GET /work random mode,200,16
1779032397134,Load Users 1-87,POST /batch mixed tasks,200,169
1779032397165,Load Users 1-18,POST /batch mixed tasks,200,152
1779032396964,Load Users 1-22,POST /batch mixed tasks,200,360
1779032397311,Load Users 1-89,GET /work random mode,200,20
1779032396932,Load Users 1-27,GET /work random mode,200,414
1779032396407,Load Users 1-47,GET /work random mode,200,944
1779032397163,Load Users 1-26,POST /batch mixed tasks,200,191
1779032396752,Load Users 1-78,POST /batch mixed tasks,200,606
1779032397231,Load Users 1-72,POST /batch mixed tasks,200,128
1779032396774,Load Users 1-48,GET /work random mode,200,587
1779032397244,Load Users 1-60,GET /work random mode,200,141
1779032396379,Load Users 1-43,POST /batch mixed tasks,200,1015
1779032397203,Load Users 1-90,GET /work random mode,200,196
1779032396989,Load Users 1-75,GET /work random mode,200,410
1779032397185,Load Users 1-54,GET /work random mode,200,226
1779032397125,Load Users 1-76,GET /work random mode,200,297
1779032397371,Load Users 1-95,GET /work random mode,200,53
1779032397086,Load Users 1-69,POST /batch mixed tasks,200,341
1779032397179,Load Users 1-61,GET /work random mode,200,249
1779032397213,Load Users 1-88,GET /work random mode,200,216
1779032397280,Load Users 1-59,GET /work random mode,200,151
1779032397251,Load Users 1-86,POST /batch mixed tasks,200,183
1779032397330,Load Users 1-46,POST /batch mixed tasks,200,105
1779032396724,Load Users 1-28,POST /batch mixed tasks,200,717
1779032397117,Load Users 1-40,POST /batch mixed tasks,200,327
1779032397224,Load Users 1-65,POST /batch mixed tasks,200,229
1779032397190,Load Users 1-55,POST /batch mixed tasks,200,266
1779032397319,Load Users 1-56,GET /work random mode,200,142
1779032397231,Load Users 1-41,GET /work random mode,200,235
1779032396940,Load Users 1-39,GET /work random mode,200,535
1779032397321,Load Users 1-92,GET /work random mode,200,154
1779032397243,Load Users 1-68,POST /batch mixed tasks,200,233
1779032396980,Load Users 1-99,POST /batch mixed tasks,200,497
1779032397226,Load Users 1-17,GET /work random mode,200,251
1779032397309,Load Users 1-67,POST /batch mixed tasks,200,173
1779032397428,Load Users 1-18,GET /work random mode,200,58
1779032397190,Load Users 1-79,GET /work random mode,200,310
1779032397287,Load Users 1-66,POST /batch mixed tasks,200,215
1779032397324,Load Users 1-35,GET /work random mode,200,183
1779032397448,Load Users 1-75,GET /work random mode,200,61
1779032397297,Load Users 1-71,GET /work random mode,200,212
1779032397511,Load Users 1-40,GET /work random mode,200,5
1779032397261,Load Users 1-11,POST /batch mixed tasks,200,263
1779032397040,Load Users 1-50,POST /batch mixed tasks,200,488
1779032397272,Load Users 1-97,POST /batch mixed tasks,200,258
1779032397377,Load Users 1-37,GET /work random mode,200,156
1779032397239,Load Users 1-81,POST /batch mixed tasks,200,296
1779032397435,Load Users 1-89,GET /work random mode,200,104
1779032397312,Load Users 1-52,POST /batch mixed tasks,200,228
1779032397510,Load Users 1-43,POST /batch mixed tasks,200,30
1779032397493,Load Users 1-28,GET /work random mode,200,53
1779032397321,Load Users 1-16,GET /work random mode,200,231
1779032397413,Load Users 1-38,POST /batch mixed tasks,200,140
1779032397328,Load Users 1-82,GET /work random mode,200,227
1779032396925,Load Users 1-25,GET /work random mode,200,632
1779032396059,Load Users 1-30,GET /work random mode,200,1503
1779032397115,Load Users 1-53,GET /work random mode,200,448
1779032397261,Load Users 1-58,POST /batch mixed tasks,200,304
1779032395770,Load Users 1-14,GET /work random mode,200,1797
1779032397072,Load Users 1-42,POST /batch mixed tasks,200,495
1779032397375,Load Users 1-7,GET /work random mode,200,205
1779032397462,Load Users 1-26,POST /batch mixed tasks,200,122
1779032397591,Load Users 1-52,GET /work random mode,200,2
1779032397291,Load Users 1-91,POST /batch mixed tasks,200,306
1779032397579,Load Users 1-92,GET /work random mode,200,19
1779032397592,Load Users 1-79,GET /work random mode,200,7
1779032396567,Load Users 1-31,POST /batch mixed tasks,200,1041
1779032397254,Load Users 1-12,POST /batch mixed tasks,200,357
1779032397350,Load Users 1-49,POST /batch mixed tasks,200,265
1779032397603,Load Users 1-58,GET /work random mode,200,16
1779032397278,Load Users 1-93,POST /batch mixed tasks,200,348
1779032397500,Load Users 1-55,POST /batch mixed tasks,200,129
1779032397009,Load Users 1-2,GET /work random mode,200,627
1779032397487,Load Users 1-46,GET /work random mode,200,159
1779032396766,Load Users 1-83,GET /work random mode,200,881
1779032397375,Load Users 1-32,POST /batch mixed tasks,200,275
1779032397388,Load Users 1-22,GET /work random mode,200,267
1779032397634,Load Users 1-14,GET /work random mode,200,22
1779032397477,Load Users 1-27,GET /work random mode,200,185
1779032396770,Load Users 1-33,GET /work random mode,200,894
1779032397350,Load Users 1-8,POST /batch mixed tasks,200,316
1779032397582,Load Users 1-86,GET /work random mode,200,86
1779032397622,Load Users 1-81,GET /work random mode,200,63
1779032397512,Load Users 1-65,GET /work random mode,200,174
1779032397636,Load Users 1-42,POST /batch mixed tasks,200,53
1779032397397,Load Users 1-45,POST /batch mixed tasks,200,293
1779032397486,Load Users 1-48,GET /work random mode,200,210
1779032397301,Load Users 1-4,POST /batch mixed tasks,200,402
1779032397547,Load Users 1-90,GET /work random mode,200,156
1779032397671,Load Users 1-28,GET /work random mode,200,38
1779032397495,Load Users 1-56,POST /batch mixed tasks,200,218
1779032397353,Load Users 1-98,POST /batch mixed tasks,200,363
1779032397064,Load Users 1-3,POST /batch mixed tasks,200,654
1779032396815,Load Users 1-6,GET /work random mode,200,905
1779032397538,Load Users 1-95,POST /batch mixed tasks,200,186
1779032397539,Load Users 1-41,GET /work random mode,200,189
1779032397159,Load Users 1-15,POST /batch mixed tasks,200,573
1779032397179,Load Users 1-20,POST /batch mixed tasks,200,554
1779032397144,Load Users 1-57,POST /batch mixed tasks,200,593
1779032397050,Load Users 1-24,POST /batch mixed tasks,200,690
1779032397519,Load Users 1-59,POST /batch mixed tasks,200,223
1779032397740,Load Users 1-52,GET /work random mode,200,7
1779032397430,Load Users 1-87,POST /batch mixed tasks,200,317
1779032397479,Load Users 1-72,POST /batch mixed tasks,200,269
1779032397694,Load Users 1-2,POST /batch mixed tasks,200,57
1779032397349,Load Users 1-1,POST /batch mixed tasks,200,405
1779032397286,Load Users 1-63,POST /batch mixed tasks,200,469
1779032397524,Load Users 1-99,POST /batch mixed tasks,200,231
1779032397325,Load Users 1-70,GET /work random mode,200,432
1779032397385,Load Users 1-47,GET /work random mode,200,373
1779032397313,Load Users 1-29,POST /batch mixed tasks,200,446
1779032397344,Load Users 1-23,POST /batch mixed tasks,200,417
1779032397646,Load Users 1-11,GET /work random mode,200,116
1779032396290,Load Users 1-94,POST /batch mixed tasks,200,1474
1779032397371,Load Users 1-64,POST /batch mixed tasks,200,402
1779032397662,Load Users 1-7,GET /work random mode,200,113
1779032397539,Load Users 1-66,POST /batch mixed tasks,200,241
1779032397653,Load Users 1-43,POST /batch mixed tasks,200,133
1779032397738,Load Users 1-90,GET /work random mode,200,53
1779032397143,Load Users 1-36,GET /work random mode,200,649
1779032397635,Load Users 1-25,POST /batch mixed tasks,200,157
1779032397756,Load Users 1-31,GET /work random mode,200,41
1779032397631,Load Users 1-75,POST /batch mixed tasks,200,167
1779032397685,Load Users 1-79,GET /work random mode,200,118
1779032397463,Load Users 1-54,GET /work random mode,200,340
1779032397250,Load Users 1-62,GET /work random mode,200,555
1779032397632,Load Users 1-53,POST /batch mixed tasks,200,177
1779032397473,Load Users 1-78,GET /work random mode,200,341
1779032397803,Load Users 1-11,GET /work random mode,200,13
1779032397798,Load Users 1-70,GET /work random mode,200,18
1779032397811,Load Users 1-86,GET /work random mode,200,9
1779032397043,Load Users 1-77,POST /batch mixed tasks,200,781
1779032397813,Load Users 1-56,GET /work random mode,200,22
1779032397463,Load Users 1-69,POST /batch mixed tasks,200,372
1779032397688,Load Users 1-12,POST /batch mixed tasks,200,150
1779032397800,Load Users 1-22,GET /work random mode,200,39
1779032397330,Load Users 1-5,GET /work random mode,200,512
1779032397828,Load Users 1-87,GET /work random mode,200,17
1779032397757,Load Users 1-14,POST /batch mixed tasks,200,92
1779032397329,Load Users 1-44,POST /batch mixed tasks,200,523
1779032397539,Load Users 1-76,POST /batch mixed tasks,200,320
1779032397475,Load Users 1-60,POST /batch mixed tasks,200,384
1779032397857,Load Users 1-98,GET /work random mode,200,3
1779032397089,Load Users 1-73,POST /batch mixed tasks,200,772
1779032397677,Load Users 1-16,GET /work random mode,200,187
1779032397726,Load Users 1-65,GET /work random mode,200,139
1779032397630,Load Users 1-71,GET /work random mode,200,237
1779032397867,Load Users 1-95,GET /work random mode,200,3
1779032397564,Load Users 1-18,POST /batch mixed tasks,200,310
1779032397199,Load Users 1-74,GET /work random mode,200,685
1779032397682,Load Users 1-30,POST /batch mixed tasks,200,209
1779032397567,Load Users 1-40,POST /batch mixed tasks,200,325
1779032397399,Load Users 1-10,GET /work random mode,200,505
1779032397674,Load Users 1-38,POST /batch mixed tasks,200,231
1779032397732,Load Users 1-49,POST /batch mixed tasks,200,174
1779032397814,Load Users 1-20,GET /work random mode,200,94
1779032397881,Load Users 1-29,GET /work random mode,200,28
1779032397487,Load Users 1-61,GET /work random mode,200,422
1779032397689,Load Users 1-83,GET /work random mode,200,229
1779032397889,Load Users 1-7,GET /work random mode,200,37
1779032397732,Load Users 1-46,GET /work random mode,200,194
1779032397902,Load Users 1-54,GET /work random mode,200,28
1779032397286,Load Users 1-51,POST /batch mixed tasks,200,645
1779032397235,Load Users 1-19,POST /batch mixed tasks,200,697
1779032397890,Load Users 1-70,GET /work random mode,200,45
1779032397602,Load Users 1-67,GET /work random mode,200,336
1779032397674,Load Users 1-37,POST /batch mixed tasks,200,269
1779032397307,Load Users 1-85,POST /batch mixed tasks,200,638
1779032397820,Load Users 1-63,GET /work random mode,200,129
1779032397632,Load Users 1-35,GET /work random mode,200,322
1779032397616,Load Users 1-89,GET /work random mode,200,340
1779032397397,Load Users 1-9,POST /batch mixed tasks,200,572
1779032397897,Load Users 1-12,GET /work random mode,200,80
1779032397814,Load Users 1-33,POST /batch mixed tasks,200,164
1779032397236,Load Users 1-80,POST /batch mixed tasks,200,747
1779032397378,Load Users 1-84,POST /batch mixed tasks,200,607
1779032397646,Load Users 1-91,POST /batch mixed tasks,200,347
1779032397659,Load Users 1-58,GET /work random mode,200,338
1779032397944,Load Users 1-14,GET /work random mode,200,59
1779032397611,Load Users 1-50,GET /work random mode,200,396
1779032397145,Load Users 1-13,GET /work random mode,200,867
1779032397866,Load Users 1-43,GET /work random mode,200,147
1779032397891,Load Users 1-69,POST /batch mixed tasks,200,133
1779032398000,Load Users 1-73,GET /work random mode,200,34
1779032397841,Load Users 1-25,POST /batch mixed tasks,200,193
1779032397865,Load Users 1-11,GET /work random mode,200,175
1779032397525,Load Users 1-17,POST /batch mixed tasks,200,521
1779032397837,Load Users 1-66,POST /batch mixed tasks,200,210
1779032397739,Load Users 1-8,GET /work random mode,200,309
1779032397906,Load Users 1-98,GET /work random mode,200,143
1779032397730,Load Users 1-27,POST /batch mixed tasks,200,321
1779032398024,Load Users 1-54,GET /work random mode,200,27
1779032397944,Load Users 1-77,POST /batch mixed tasks,200,111
1779032398053,Load Users 1-29,GET /work random mode,200,2
1779032397838,Load Users 1-23,POST /batch mixed tasks,200,225
1779032398049,Load Users 1-80,GET /work random mode,200,16
1779032397548,Load Users 1-39,POST /batch mixed tasks,200,519
1779032398051,Load Users 1-46,GET /work random mode,200,17
1779032398058,Load Users 1-91,GET /work random mode,200,12
1779032397793,Load Users 1-72,POST /batch mixed tasks,200,302
1779032397896,Load Users 1-60,GET /work random mode,200,200
1779032397990,Load Users 1-10,GET /work random mode,200,109
1779032398036,Load Users 1-12,POST /batch mixed tasks,200,66
1779032398075,Load Users 1-58,GET /work random mode,200,28
1779032397409,Load Users 1-21,POST /batch mixed tasks,200,698
1779032397969,Load Users 1-19,GET /work random mode,200,143
1779032397922,Load Users 1-78,POST /batch mixed tasks,200,190
1779032397912,Load Users 1-76,GET /work random mode,200,200
1779032398111,Load Users 1-80,GET /work random mode,200,3
1779032397951,Load Users 1-95,GET /work random mode,200,168
1779032397857,Load Users 1-99,POST /batch mixed tasks,200,267
1779032397737,Load Users 1-93,GET /work random mode,200,393
1779032398049,Load Users 1-61,GET /work random mode,200,84
1779032397923,Load Users 1-36,POST /batch mixed tasks,200,215
1779032398104,Load Users 1-33,GET /work random mode,200,39
1779032397855,Load Users 1-28,POST /batch mixed tasks,200,288
1779032397594,Load Users 1-82,POST /batch mixed tasks,200,573
1779032397942,Load Users 1-75,POST /batch mixed tasks,200,230
1779032397702,Load Users 1-32,POST /batch mixed tasks,200,471
1779032397818,Load Users 1-3,POST /batch mixed tasks,200,359
1779032397890,Load Users 1-31,POST /batch mixed tasks,200,288
1779032397152,Load Users 1-96,POST /batch mixed tasks,200,1043
1779032398190,Load Users 1-98,GET /work random mode,200,9
1779032398159,Load Users 1-27,GET /work random mode,200,43
1779032397814,Load Users 1-48,GET /work random mode,200,389
1779032397945,Load Users 1-56,POST /batch mixed tasks,200,259
1779032397847,Load Users 1-41,POST /batch mixed tasks,200,366
1779032398067,Load Users 1-83,POST /batch mixed tasks,200,148
1779032397800,Load Users 1-47,POST /batch mixed tasks,200,416
1779032398030,Load Users 1-30,GET /work random mode,200,194
1779032397785,Load Users 1-42,POST /batch mixed tasks,200,443
1779032397866,Load Users 1-1,POST /batch mixed tasks,200,367
1779032398038,Load Users 1-70,GET /work random mode,200,197
1779032397844,Load Users 1-94,GET /work random mode,200,399
1779032398071,Load Users 1-50,POST /batch mixed tasks,200,183
1779032398097,Load Users 1-23,GET /work random mode,200,162
1779032398206,Load Users 1-21,POST /batch mixed tasks,200,55
1779032397981,Load Users 1-74,GET /work random mode,200,282
1779032397198,Load Users 1-34,POST /batch mixed tasks,200,1066
1779032398167,Load Users 1-72,POST /batch mixed tasks,200,98
1779032397997,Load Users 1-18,POST /batch mixed tasks,200,281
1779032398274,Load Users 1-98,GET /work random mode,200,5
1779032398157,Load Users 1-99,GET /work random mode,200,126
1779032397915,Load Users 1-90,POST /batch mixed tasks,200,370
1779032397846,Load Users 1-64,POST /batch mixed tasks,200,442
1779032397962,Load Users 1-65,POST /batch mixed tasks,200,330
1779032397670,Load Users 1-26,POST /batch mixed tasks,200,627
1779032397580,Load Users 1-68,POST /batch mixed tasks,200,720
1779032398176,Load Users 1-46,GET /work random mode,200,128
1779032398252,Load Users 1-36,GET /work random mode,200,56
1779032398279,Load Users 1-32,GET /work random mode,200,33
1779032398010,Load Users 1-9,POST /batch mixed tasks,200,306
1779032398122,Load Users 1-29,POST /batch mixed tasks,200,195
1779032397921,Load Users 1-5,POST /batch mixed tasks,200,408
1779032398000,Load Users 1-63,POST /batch mixed tasks,200,333
1779032398227,Load Users 1-95,POST /batch mixed tasks,200,110
1779032397708,Load Users 1-92,POST /batch mixed tasks,200,632
1779032397751,Load Users 1-45,POST /batch mixed tasks,200,590
1779032398170,Load Users 1-61,GET /work random mode,200,172
1779032398037,Load Users 1-51,GET /work random mode,200,314
1779032398164,Load Users 1-25,POST /batch mixed tasks,200,190
1779032397952,Load Users 1-16,POST /batch mixed tasks,200,404
1779032397728,Load Users 1-55,POST /batch mixed tasks,200,635
1779032398226,Load Users 1-60,GET /work random mode,200,138
1779032398096,Load Users 1-17,POST /batch mixed tasks,200,272
1779032397851,Load Users 1-15,POST /batch mixed tasks,200,523
1779032397531,Load Users 1-88,GET /work random mode,200,852
1779032398146,Load Users 1-10,GET /work random mode,200,239
1779032397772,Load Users 1-4,POST /batch mixed tasks,200,621
1779032398083,Load Users 1-43,GET /work random mode,200,310
1779032398123,Load Users 1-84,POST /batch mixed tasks,200,273
1779032398230,Load Users 1-80,POST /batch mixed tasks,200,166
1779032398017,Load Users 1-67,POST /batch mixed tasks,200,382
1779032397832,Load Users 1-81,POST /batch mixed tasks,200,581
1779032398134,Load Users 1-54,POST /batch mixed tasks,200,282
1779032397916,Load Users 1-22,POST /batch mixed tasks,200,505
1779032398355,Load Users 1-21,GET /work random mode,200,68
1779032397944,Load Users 1-44,POST /batch mixed tasks,200,480
1779032398415,Load Users 1-92,GET /work random mode,200,10
1779032397883,Load Users 1-62,POST /batch mixed tasks,200,544
1779032397876,Load Users 1-53,POST /batch mixed tasks,200,553
1779032398168,Load Users 1-58,GET /work random mode,200,263
1779032398424,Load Users 1-51,GET /work random mode,200,23
1779032398287,Load Users 1-96,POST /batch mixed tasks,200,164
1779032398337,Load Users 1-90,GET /work random mode,200,121
1779032398001,Load Users 1-49,GET /work random mode,200,470
1779032398163,Load Users 1-66,POST /batch mixed tasks,200,317
1779032398386,Load Users 1-36,GET /work random mode,200,95
1779032398360,Load Users 1-29,POST /batch mixed tasks,200,128
1779032398175,Load Users 1-39,POST /batch mixed tasks,200,315
1779032397823,Load Users 1-57,POST /batch mixed tasks,200,668
1779032397827,Load Users 1-24,POST /batch mixed tasks,200,666
1779032398397,Load Users 1-9,GET /work random mode,200,96
1779032398446,Load Users 1-84,GET /work random mode,200,50
1779032398029,Load Users 1-20,GET /work random mode,200,468
1779032398330,Load Users 1-83,POST /batch mixed tasks,200,170
1779032398396,Load Users 1-72,POST /batch mixed tasks,200,109
1779032398245,Load Users 1-31,POST /batch mixed tasks,200,261
1779032397969,Load Users 1-87,POST /batch mixed tasks,200,537
1779032397988,Load Users 1-71,POST /batch mixed tasks,200,524
1779032397997,Load Users 1-38,POST /batch mixed tasks,200,519
1779032398242,Load Users 1-76,GET /work random mode,200,277
1779032398121,Load Users 1-11,POST /batch mixed tasks,200,399
1779032398468,Load Users 1-43,GET /work random mode,200,53
1779032398504,Load Users 1-54,GET /work random mode,200,18
1779032397887,Load Users 1-52,POST /batch mixed tasks,200,638
1779032398490,Load Users 1-55,GET /work random mode,200,35
1779032398363,Load Users 1-30,POST /batch mixed tasks,200,167
1779032398494,Load Users 1-16,POST /batch mixed tasks,200,51
1779032398323,Load Users 1-23,POST /batch mixed tasks,200,223
1779032398292,Load Users 1-94,GET /work random mode,200,258
1779032398298,Load Users 1-42,POST /batch mixed tasks,200,255
1779032398322,Load Users 1-56,POST /batch mixed tasks,200,240
1779032398137,Load Users 1-73,POST /batch mixed tasks,200,428
1779032398374,Load Users 1-74,POST /batch mixed tasks,200,200
1779032398087,Load Users 1-13,POST /batch mixed tasks,200,490
1779032398508,Load Users 1-17,GET /work random mode,200,73
1779032398476,Load Users 1-61,POST /batch mixed tasks,200,105
1779032398162,Load Users 1-77,POST /batch mixed tasks,200,424
1779032398524,Load Users 1-29,POST /batch mixed tasks,200,68
1779032398438,Load Users 1-95,GET /work random mode,200,161
1779032397934,Load Users 1-86,POST /batch mixed tasks,200,667
1779032398592,Load Users 1-43,GET /work random mode,200,19
1779032398424,Load Users 1-26,POST /batch mixed tasks,200,188
1779032398585,Load Users 1-31,GET /work random mode,200,30
1779032398333,Load Users 1-64,GET /work random mode,200,285
1779032398141,Load Users 1-69,GET /work random mode,200,490
1779032398577,Load Users 1-66,GET /work random mode,200,54
1779032398563,Load Users 1-21,POST /batch mixed tasks,200,69
1779032398252,Load Users 1-27,POST /batch mixed tasks,200,380
1779032398259,Load Users 1-75,GET /work random mode,200,376
1779032398333,Load Users 1-1,GET /work random mode,200,302
1779032398272,Load Users 1-28,POST /batch mixed tasks,200,374
1779032398057,Load Users 1-89,POST /batch mixed tasks,200,591
1779032398202,Load Users 1-33,POST /batch mixed tasks,200,449
1779032398651,Load Users 1-29,GET /work random mode,200,4
1779032398340,Load Users 1-34,GET /work random mode,200,316
1779032398006,Load Users 1-85,GET /work random mode,200,650
1779032397826,Load Users 1-6,POST /batch mixed tasks,200,831
1779032397846,Load Users 1-59,GET /work random mode,200,815
1779032397981,Load Users 1-37,GET /work random mode,200,686
1779032398571,Load Users 1-39,POST /batch mixed tasks,200,99
1779032398667,Load Users 1-73,GET /work random mode,200,7
1779032398633,Load Users 1-38,POST /batch mixed tasks,200,42
1779032398489,Load Users 1-90,GET /work random mode,200,205
1779032398464,Load Users 1-67,POST /batch mixed tasks,200,237
1779032398473,Load Users 1-44,GET /work random mode,200,233
1779032398186,Load Users 1-91,POST /batch mixed tasks,200,522
1779032398704,Load Users 1-77,GET /work random mode,200,5
1779032398447,Load Users 1-32,GET /work random mode,200,262
1779032398224,Load Users 1-12,POST /batch mixed tasks,200,493
1779032398332,Load Users 1-47,POST /batch mixed tasks,200,385
1779032398493,Load Users 1-25,POST /batch mixed tasks,200,233
1779032398532,Load Users 1-22,POST /batch mixed tasks,200,195
1779032398637,Load Users 1-61,GET /work random mode,200,97
1779032398731,Load Users 1-1,GET /work random mode,200,4
1779032398272,Load Users 1-70,POST /batch mixed tasks,200,468
1779032397622,Load Users 1-97,POST /batch mixed tasks,200,1119
1779032398578,Load Users 1-76,POST /batch mixed tasks,200,163
1779032398363,Load Users 1-50,POST /batch mixed tasks,200,379
1779032398241,Load Users 1-78,POST /batch mixed tasks,200,504
1779032398626,Load Users 1-16,POST /batch mixed tasks,200,122
1779032398248,Load Users 1-41,POST /batch mixed tasks,200,502
1779032398748,Load Users 1-26,GET /work random mode,200,3
1779032398316,Load Users 1-3,GET /work random mode,200,439
1779032398346,Load Users 1-18,POST /batch mixed tasks,200,411
1779032397867,Load Users 1-2,POST /batch mixed tasks,200,900
1779032398241,Load Users 1-19,GET /work random mode,200,526
1779032398720,Load Users 1-75,GET /work random mode,200,51
1779032398721,Load Users 1-85,GET /work random mode,200,53
1779032397966,Load Users 1-7,POST /batch mixed tasks,200,818
1779032398722,Load Users 1-39,GET /work random mode,200,67
1779032398429,Load Users 1-60,GET /work random mode,200,369
1779032398490,Load Users 1-81,GET /work random mode,200,318
1779032398594,Load Users 1-42,GET /work random mode,200,215
1779032398801,Load Users 1-61,GET /work random mode,200,13
1779032398056,Load Users 1-35,GET /work random mode,200,765
1779032398619,Load Users 1-71,POST /batch mixed tasks,200,218
1779032398783,Load Users 1-67,GET /work random mode,200,55
1779032398241,Load Users 1-82,GET /work random mode,200,602
1779032398816,Load Users 1-44,GET /work random mode,200,34
1779032398659,Load Users 1-30,GET /work random mode,200,193
1779032398581,Load Users 1-24,GET /work random mode,200,273
1779032398662,Load Users 1-55,GET /work random mode,200,202
1779032398717,Load Users 1-21,POST /batch mixed tasks,200,150
1779032398715,Load Users 1-17,GET /work random mode,200,159
1779032398406,Load Users 1-46,POST /batch mixed tasks,200,470
1779032398757,Load Users 1-6,POST /batch mixed tasks,200,121
1779032397940,Load Users 1-79,GET /work random mode,200,938
1779032398584,Load Users 1-87,POST /batch mixed tasks,200,296
1779032398717,Load Users 1-59,GET /work random mode,200,166
1779032398644,Load Users 1-84,POST /batch mixed tasks,200,239
1779032398628,Load Users 1-23,POST /batch mixed tasks,200,259
1779032398866,Load Users 1-25,GET /work random mode,200,22
1779032398627,Load Users 1-36,POST /batch mixed tasks,200,268
1779032398794,Load Users 1-34,GET /work random mode,200,109
1779032398733,Load Users 1-86,POST /batch mixed tasks,200,173
1779032398356,Load Users 1-99,POST /batch mixed tasks,200,553
1779032398504,Load Users 1-92,POST /batch mixed tasks,200,407
1779032398765,Load Users 1-29,GET /work random mode,200,153
1779032397341,Load Users 1-100,POST /batch mixed tasks,200,1581
1779032398821,Load Users 1-19,GET /work random mode,200,111
1779032398741,Load Users 1-32,POST /batch mixed tasks,200,191
1779032398518,Load Users 1-51,POST /batch mixed tasks,200,422
1779032398295,Load Users 1-48,POST /batch mixed tasks,200,646
1779032398679,Load Users 1-13,POST /batch mixed tasks,200,263
1779032398738,Load Users 1-66,GET /work random mode,200,207
1779032398686,Load Users 1-74,POST /batch mixed tasks,200,260
1779032398855,Load Users 1-97,GET /work random mode,200,91
1779032398837,Load Users 1-91,GET /work random mode,200,112
1779032398633,Load Users 1-20,POST /batch mixed tasks,200,331
1779032398778,Load Users 1-28,POST /batch mixed tasks,200,188
1779032398922,Load Users 1-7,GET /work random mode,200,54
1779032398365,Load Users 1-63,POST /batch mixed tasks,200,613
1779032398670,Load Users 1-94,GET /work random mode,200,316
1779032398737,Load Users 1-37,POST /batch mixed tasks,200,261
1779032398623,Load Users 1-83,POST /batch mixed tasks,200,379
1779032398498,Load Users 1-96,POST /batch mixed tasks,200,508
1779032398417,Load Users 1-10,POST /batch mixed tasks,200,606
1779032397978,Load Users 1-40,GET /work random mode,200,1057
1779032398866,Load Users 1-75,GET /work random mode,200,169
1779032398996,Load Users 1-19,GET /work random mode,200,45
1779032398523,Load Users 1-53,GET /work random mode,200,524
1779032398530,Load Users 1-4,POST /batch mixed tasks,200,525
1779032398913,Load Users 1-82,POST /batch mixed tasks,200,143
1779032398603,Load Users 1-9,GET /work random mode,200,453
1779032398599,Load Users 1-11,POST /batch mixed tasks,200,457
1779032398810,Load Users 1-1,POST /batch mixed tasks,200,253
1779032398834,Load Users 1-90,GET /work random mode,200,230
1779032398534,Load Users 1-62,GET /work random mode,200,533
1779032398449,Load Users 1-15,GET /work random mode,200,627
1779032398922,Load Users 1-87,POST /batch mixed tasks,200,156
1779032398476,Load Users 1-45,GET /work random mode,200,602
1779032399035,Load Users 1-97,GET /work random mode,200,51
1779032398882,Load Users 1-85,POST /batch mixed tasks,200,207
1779032398801,Load Users 1-16,GET /work random mode,200,289
1779032398398,Load Users 1-65,POST /batch mixed tasks,200,703
1779032398466,Load Users 1-88,POST /batch mixed tasks,200,638
1779032398162,Load Users 1-8,POST /batch mixed tasks,200,944
1779032398470,Load Users 1-5,GET /work random mode,200,639
1779032398578,Load Users 1-57,POST /batch mixed tasks,200,534
1779032398939,Load Users 1-35,GET /work random mode,200,177
1779032398934,Load Users 1-71,POST /batch mixed tasks,200,193
1779032398748,Load Users 1-64,POST /batch mixed tasks,200,380
1779032398758,Load Users 1-38,POST /batch mixed tasks,200,373
1779032398986,Load Users 1-84,GET /work random mode,200,156
1779032398840,Load Users 1-3,GET /work random mode,200,310
1779032398501,Load Users 1-80,POST /batch mixed tasks,200,665
1779032398662,Load Users 1-95,GET /work random mode,200,509
1779032398706,Load Users 1-69,POST /batch mixed tasks,200,470
1779032398849,Load Users 1-42,POST /batch mixed tasks,200,330
1779032398880,Load Users 1-67,POST /batch mixed tasks,200,307
1779032399184,Load Users 1-87,GET /work random mode,200,6
1779032398987,Load Users 1-100,GET /work random mode,200,203
1779032398862,Load Users 1-47,POST /batch mixed tasks,200,339
1779032399101,Load Users 1-10,GET /work random mode,200,107
1779032398949,Load Users 1-6,POST /batch mixed tasks,200,272
1779032399068,Load Users 1-66,GET /work random mode,200,157
1779032399165,Load Users 1-15,GET /work random mode,200,69
1779032399106,Load Users 1-82,GET /work random mode,200,130
1779032399182,Load Users 1-85,GET /work random mode,200,55
1779032399013,Load Users 1-99,GET /work random mode,200,225
1779032398957,Load Users 1-44,POST /batch mixed tasks,200,283
1779032398829,Load Users 1-41,POST /batch mixed tasks,200,413
1779032398835,Load Users 1-2,POST /batch mixed tasks,200,410
1779032398815,Load Users 1-76,POST /batch mixed tasks,200,436
1779032399161,Load Users 1-9,GET /work random mode,200,100
1779032399129,Load Users 1-19,GET /work random mode,200,136
1779032399015,Load Users 1-79,POST /batch mixed tasks,200,257
1779032398704,Load Users 1-89,GET /work random mode,200,571
1779032398656,Load Users 1-43,GET /work random mode,200,625
1779032398783,Load Users 1-73,POST /batch mixed tasks,200,500
1779032398255,Load Users 1-93,POST /batch mixed tasks,200,1029
1779032399038,Load Users 1-13,POST /batch mixed tasks,200,246
1779032398813,Load Users 1-50,POST /batch mixed tasks,200,472
1779032399027,Load Users 1-94,POST /batch mixed tasks,200,258
1779032398904,Load Users 1-24,POST /batch mixed tasks,200,385
1779032399262,Load Users 1-10,GET /work random mode,200,28
1779032398344,Load Users 1-68,GET /work random mode,200,953
1779032399182,Load Users 1-45,GET /work random mode,200,117
1779032399048,Load Users 1-51,POST /batch mixed tasks,200,251
1779032399008,Load Users 1-21,POST /batch mixed tasks,200,298
1779032398763,Load Users 1-31,GET /work random mode,200,548
1779032399012,Load Users 1-86,GET /work random mode,200,302
1779032398990,Load Users 1-30,POST /batch mixed tasks,200,333
1779032398979,Load Users 1-91,POST /batch mixed tasks,200,344
1779032398879,Load Users 1-26,POST /batch mixed tasks,200,445
1779032399055,Load Users 1-7,POST /batch mixed tasks,200,286
1779032399014,Load Users 1-74,POST /batch mixed tasks,200,329
1779032398976,Load Users 1-34,POST /batch mixed tasks,200,374
1779032399110,Load Users 1-37,GET /work random mode,200,240
1779032399350,Load Users 1-50,GET /work random mode,200,3
1779032399147,Load Users 1-65,POST /batch mixed tasks,200,213
1779032399365,Load Users 1-13,GET /work random mode,200,9
1779032398937,Load Users 1-17,GET /work random mode,200,438
1779032399147,Load Users 1-97,POST /batch mixed tasks,200,230
1779032399017,Load Users 1-46,POST /batch mixed tasks,200,360
1779032399002,Load Users 1-48,POST /batch mixed tasks,200,379
1779032399145,Load Users 1-5,POST /batch mixed tasks,200,244
1779032399369,Load Users 1-10,GET /work random mode,200,21
1779032399370,Load Users 1-89,GET /work random mode,200,20
1779032399360,Load Users 1-94,GET /work random mode,200,31
1779032398998,Load Users 1-28,GET /work random mode,200,398
1779032399197,Load Users 1-53,GET /work random mode,200,214
1779032398977,Load Users 1-59,POST /batch mixed tasks,200,445
1779032399018,Load Users 1-92,GET /work random mode,200,405
1779032398811,Load Users 1-18,POST /batch mixed tasks,200,618
1779032398611,Load Users 1-56,POST /batch mixed tasks,200,822
1779032399116,Load Users 1-96,GET /work random mode,200,332
1779032398795,Load Users 1-77,GET /work random mode,200,655
1779032399053,Load Users 1-32,GET /work random mode,200,401
1779032398960,Load Users 1-23,GET /work random mode,200,496
1779032398674,Load Users 1-52,POST /batch mixed tasks,200,786
1779032399423,Load Users 1-74,GET /work random mode,200,37
1779032399438,Load Users 1-7,GET /work random mode,200,27
1779032399212,Load Users 1-95,POST /batch mixed tasks,200,265
1779032399378,Load Users 1-44,POST /batch mixed tasks,200,103
1779032399433,Load Users 1-30,GET /work random mode,200,49
1779032398777,Load Users 1-12,GET /work random mode,200,707
1779032398860,Load Users 1-81,GET /work random mode,200,625
1779032398928,Load Users 1-61,POST /batch mixed tasks,200,561
1779032399089,Load Users 1-11,POST /batch mixed tasks,200,404
1779032399470,Load Users 1-34,GET /work random mode,200,28
1779032399286,Load Users 1-100,GET /work random mode,200,212
1779032398366,Load Users 1-98,POST /batch mixed tasks,200,1133
1779032399475,Load Users 1-94,GET /work random mode,200,30
1779032398777,Load Users 1-22,GET /work random mode,200,733
1779032399406,Load Users 1-73,POST /batch mixed tasks,200,105
1779032399190,Load Users 1-16,POST /batch mixed tasks,200,326
1779032399469,Load Users 1-17,POST /batch mixed tasks,200,67
1779032398935,Load Users 1-60,POST /batch mixed tasks,200,606
1779032399139,Load Users 1-40,POST /batch mixed tasks,200,405
1779032398619,Load Users 1-72,POST /batch mixed tasks,200,929
1779032398993,Load Users 1-29,POST /batch mixed tasks,200,555
1779032399408,Load Users 1-37,POST /batch mixed tasks,200,143
1779032399008,Load Users 1-36,GET /work random mode,200,545
1779032399186,Load Users 1-3,GET /work random mode,200,369
1779032399506,Load Users 1-23,GET /work random mode,200,50
1779032399335,Load Users 1-24,POST /batch mixed tasks,200,224
1779032399201,Load Users 1-1,GET /work random mode,200,364
1779032399433,Load Users 1-26,POST /batch mixed tasks,200,134
1779032399389,Load Users 1-2,POST /batch mixed tasks,200,183
1779032399438,Load Users 1-65,GET /work random mode,200,137
1779032398491,Load Users 1-58,POST /batch mixed tasks,200,1089
1779032399319,Load Users 1-76,GET /work random mode,200,265
1779032399540,Load Users 1-61,GET /work random mode,200,47
1779032399570,Load Users 1-73,GET /work random mode,200,18
1779032399151,Load Users 1-35,POST /batch mixed tasks,200,442
1779032399434,Load Users 1-13,POST /batch mixed tasks,200,163
1779032399412,Load Users 1-43,POST /batch mixed tasks,200,187
1779032399165,Load Users 1-75,POST /batch mixed tasks,200,440
1779032399308,Load Users 1-9,POST /batch mixed tasks,200,301
1779032399600,Load Users 1-77,GET /work random mode,200,10
1779032398801,Load Users 1-78,GET /work random mode,200,810
1779032398051,Load Users 1-14,GET /work random mode,200,1562
1779032399431,Load Users 1-68,POST /batch mixed tasks,200,188
1779032399575,Load Users 1-16,GET /work random mode,200,44
1779032399579,Load Users 1-34,GET /work random mode,200,47
1779032399095,Load Users 1-90,GET /work random mode,200,534
1779032399285,Load Users 1-41,GET /work random mode,200,355
1779032399632,Load Users 1-40,GET /work random mode,200,11
1779032399511,Load Users 1-48,POST /batch mixed tasks,200,138
1779032399524,Load Users 1-89,GET /work random mode,200,132
1779032398862,Load Users 1-39,POST /batch mixed tasks,200,802
1779032399549,Load Users 1-98,POST /batch mixed tasks,200,124
1779032399637,Load Users 1-43,GET /work random mode,200,43
1779032399390,Load Users 1-86,POST /batch mixed tasks,200,292
1779032399666,Load Users 1-36,GET /work random mode,200,20
1779032399493,Load Users 1-18,GET /work random mode,200,194
1779032399165,Load Users 1-57,POST /batch mixed tasks,200,526
1779032399084,Load Users 1-83,POST /batch mixed tasks,200,608
1779032399267,Load Users 1-64,POST /batch mixed tasks,200,433
1779032399681,Load Users 1-60,GET /work random mode,200,27
1779032399260,Load Users 1-47,POST /batch mixed tasks,200,448
1779032399074,Load Users 1-20,POST /batch mixed tasks,200,642
1779032399286,Load Users 1-87,POST /batch mixed tasks,200,433
1779032398620,Load Users 1-49,GET /work random mode,200,1099
1779032399404,Load Users 1-31,POST /batch mixed tasks,200,315
1779032399211,Load Users 1-88,POST /batch mixed tasks,200,511
1779032399600,Load Users 1-29,GET /work random mode,200,129
1779032399686,Load Users 1-9,GET /work random mode,200,44
1779032399371,Load Users 1-91,POST /batch mixed tasks,200,363
1779032399601,Load Users 1-17,POST /batch mixed tasks,200,135
1779032399485,Load Users 1-59,POST /batch mixed tasks,200,253
1779032399721,Load Users 1-40,GET /work random mode,200,24
1779032399717,Load Users 1-34,GET /work random mode,200,32
1779032399738,Load Users 1-68,GET /work random mode,200,12
1779032398686,Load Users 1-27,POST /batch mixed tasks,200,1067
1779032399089,Load Users 1-4,POST /batch mixed tasks,200,667
1779032399721,Load Users 1-76,GET /work random mode,200,38
1779032399479,Load Users 1-28,GET /work random mode,200,286
1779032399637,Load Users 1-1,POST /batch mixed tasks,200,131
1779032399327,Load Users 1-99,GET /work random mode,200,453
1779032399014,Load Users 1-55,GET /work random mode,200,770
1779032399178,Load Users 1-62,POST /batch mixed tasks,200,612
1779032399742,Load Users 1-36,GET /work random mode,200,48
1779032399655,Load Users 1-2,GET /work random mode,200,140
1779032399682,Load Users 1-13,GET /work random mode,200,116
1779032399754,Load Users 1-86,GET /work random mode,200,44
1779032399246,Load Users 1-69,POST /batch mixed tasks,200,558
1779032399465,Load Users 1-97,GET /work random mode,200,347
1779032399389,Load Users 1-79,POST /batch mixed tasks,200,424
1779032399317,Load Users 1-42,GET /work random mode,200,499
1779032399430,Load Users 1-50,GET /work random mode,200,388
1779032399524,Load Users 1-74,GET /work random mode,200,299
1779032399625,Load Users 1-65,GET /work random mode,200,200
1779032399025,Load Users 1-63,POST /batch mixed tasks,200,807
1779032399694,Load Users 1-16,POST /batch mixed tasks,200,140
1779032399595,Load Users 1-52,POST /batch mixed tasks,200,243
1779032399804,Load Users 1-40,GET /work random mode,200,34
1779032399385,Load Users 1-93,GET /work random mode,200,459
1779032399520,Load Users 1-96,GET /work random mode,200,324
1779032399523,Load Users 1-30,GET /work random mode,200,322
1779032399676,Load Users 1-14,GET /work random mode,200,174
1779032399645,Load Users 1-26,POST /batch mixed tasks,200,205
1779032399490,Load Users 1-56,POST /batch mixed tasks,200,365
1779032399678,Load Users 1-23,GET /work random mode,200,179
1779032399007,Load Users 1-25,POST /batch mixed tasks,200,853
1779032399792,Load Users 1-47,GET /work random mode,200,75
1779032399563,Load Users 1-22,POST /batch mixed tasks,200,307
1779032399256,Load Users 1-66,GET /work random mode,200,620
1779032399531,Load Users 1-5,GET /work random mode,200,349
1779032399841,Load Users 1-20,GET /work random mode,200,40
1779032399424,Load Users 1-51,POST /batch mixed tasks,200,459
1779032399842,Load Users 1-59,GET /work random mode,200,43
1779032399627,Load Users 1-100,POST /batch mixed tasks,200,262
1779032399690,Load Users 1-35,POST /batch mixed tasks,200,201
1779032399644,Load Users 1-78,GET /work random mode,200,250
1779032399856,Load Users 1-9,GET /work random mode,200,45
1779032398578,Load Users 1-54,POST /batch mixed tasks,200,1327
1779032399809,Load Users 1-34,GET /work random mode,200,97
1779032399871,Load Users 1-36,GET /work random mode,200,36
1779032399222,Load Users 1-67,GET /work random mode,200,688
1779032399270,Load Users 1-71,GET /work random mode,200,642
1779032399872,Load Users 1-55,GET /work random mode,200,47
1779032399762,Load Users 1-31,GET /work random mode,200,163
1779032399847,Load Users 1-13,POST /batch mixed tasks,200,87
1779032399888,Load Users 1-27,GET /work random mode,200,50
1779032399832,Load Users 1-18,GET /work random mode,200,116
1779032399613,Load Users 1-81,POST /batch mixed tasks,200,350
1779032399945,Load Users 1-74,GET /work random mode,200,19
1779032399353,Load Users 1-15,POST /batch mixed tasks,200,616
1779032399851,Load Users 1-62,POST /batch mixed tasks,200,121
1779032399691,Load Users 1-72,GET /work random mode,200,284
1779032399760,Load Users 1-87,POST /batch mixed tasks,200,216
1779032399710,Load Users 1-39,POST /batch mixed tasks,200,272
1779032399620,Load Users 1-44,GET /work random mode,200,363
1779032399234,Load Users 1-38,POST /batch mixed tasks,200,750
1779032399811,Load Users 1-4,GET /work random mode,200,183
1779032399716,Load Users 1-90,POST /batch mixed tasks,200,278
1779032399501,Load Users 1-53,GET /work random mode,200,494
1779032399720,Load Users 1-75,POST /batch mixed tasks,200,279
1779032399524,Load Users 1-92,POST /batch mixed tasks,200,475
1779032399948,Load Users 1-56,GET /work random mode,200,52
1779032399980,Load Users 1-51,GET /work random mode,200,20
1779032399931,Load Users 1-86,GET /work random mode,200,77
1779032399951,Load Users 1-47,GET /work random mode,200,58
1779032399643,Load Users 1-77,POST /batch mixed tasks,200,371
1779032399776,Load Users 1-64,POST /batch mixed tasks,200,242
1779032399845,Load Users 1-28,POST /batch mixed tasks,200,176
1779032399594,Load Users 1-3,GET /work random mode,200,427
1779032399582,Load Users 1-95,POST /batch mixed tasks,200,448
1779032399885,Load Users 1-65,POST /batch mixed tasks,200,150
1779032399744,Load Users 1-57,POST /batch mixed tasks,200,305
1779032399925,Load Users 1-2,POST /batch mixed tasks,200,125
1779032399645,Load Users 1-94,GET /work random mode,200,407
1779032399915,Load Users 1-79,GET /work random mode,200,141
1779032399257,Load Users 1-6,GET /work random mode,200,801
1779032400000,Load Users 1-25,GET /work random mode,200,59
1779032399964,Load Users 1-9,GET /work random mode,200,96
1779032399975,Load Users 1-14,GET /work random mode,200,88
1779032399526,Load Users 1-46,POST /batch mixed tasks,200,540
1779032400058,Load Users 1-86,GET /work random mode,200,12
1779032399896,Load Users 1-50,POST /batch mixed tasks,200,175
1779032399792,Load Users 1-98,POST /batch mixed tasks,200,279
1779032399790,Load Users 1-76,POST /batch mixed tasks,200,283
1779032399997,Load Users 1-71,POST /batch mixed tasks,200,84
1779032399900,Load Users 1-1,GET /work random mode,200,182
1779032399380,Load Users 1-19,POST /batch mixed tasks,200,711
1779032399549,Load Users 1-11,POST /batch mixed tasks,200,544
1779032399391,Load Users 1-45,POST /batch mixed tasks,200,710
1779032399933,Load Users 1-23,POST /batch mixed tasks,200,175
1779032398761,Load Users 1-33,POST /batch mixed tasks,200,1348
1779032400104,Load Users 1-81,GET /work random mode,200,5
1779032400033,Load Users 1-72,GET /work random mode,200,78
1779032399988,Load Users 1-22,GET /work random mode,200,123
1779032400071,Load Users 1-15,GET /work random mode,200,46
1779032400044,Load Users 1-87,GET /work random mode,200,82
1779032399638,Load Users 1-73,POST /batch mixed tasks,200,490
1779032399403,Load Users 1-21,GET /work random mode,200,728
1779032399249,Load Users 1-84,GET /work random mode,200,889
1779032399974,Load Users 1-40,POST /batch mixed tasks,200,169
1779032399765,Load Users 1-89,POST /batch mixed tasks,200,380
1779032399982,Load Users 1-18,POST /batch mixed tasks,200,170
1779032399963,Load Users 1-93,GET /work random mode,200,190
1779032400083,Load Users 1-27,GET /work random mode,200,72
1779032399959,Load Users 1-30,POST /batch mixed tasks,200,199
1779032399852,Load Users 1-88,POST /batch mixed tasks,200,309
1779032400173,Load Users 1-84,GET /work random mode,200,7
1779032399563,Load Users 1-12,POST /batch mixed tasks,200,620
1779032400117,Load Users 1-64,GET /work random mode,200,68
1779032399898,Load Users 1-99,POST /batch mixed tasks,200,289
1779032399600,Load Users 1-7,POST /batch mixed tasks,200,608
1779032400058,Load Users 1-13,GET /work random mode,200,154
1779032399968,Load Users 1-96,POST /batch mixed tasks,200,244
1779032399587,Load Users 1-32,GET /work random mode,200,625
1779032399182,Load Users 1-8,POST /batch mixed tasks,200,1033
1779032399984,Load Users 1-36,POST /batch mixed tasks,200,240
1779032400161,Load Users 1-86,GET /work random mode,200,63
1779032399465,Load Users 1-10,GET /work random mode,200,766
1779032399821,Load Users 1-17,GET /work random mode,200,410
1779032399781,Load Users 1-49,GET /work random mode,200,451
1779032400190,Load Users 1-2,GET /work random mode,200,49
1779032399944,Load Users 1-52,POST /batch mixed tasks,200,299
1779032400167,Load Users 1-15,GET /work random mode,200,84
1779032400183,Load Users 1-45,GET /work random mode,200,69
1779032399920,Load Users 1-42,POST /batch mixed tasks,200,336
1779032399860,Load Users 1-68,POST /batch mixed tasks,200,407
1779032400195,Load Users 1-94,GET /work random mode,200,77
1779032400110,Load Users 1-77,POST /batch mixed tasks,200,166
1779032400015,Load Users 1-39,POST /batch mixed tasks,200,264
1779032400215,Load Users 1-27,GET /work random mode,200,66
1779032399852,Load Users 1-91,GET /work random mode,200,433
1779032400133,Load Users 1-11,GET /work random mode,200,155
1779032400064,Load Users 1-56,POST /batch mixed tasks,200,227
1779032399754,Load Users 1-48,POST /batch mixed tasks,200,550
1779032399357,Load Users 1-82,POST /batch mixed tasks,200,948
1779032399682,Load Users 1-37,GET /work random mode,200,624
1779032400267,Load Users 1-87,GET /work random mode,200,41
1779032399990,Load Users 1-67,POST /batch mixed tasks,200,320
1779032400198,Load Users 1-1,GET /work random mode,200,118
1779032400200,Load Users 1-93,GET /work random mode,200,118
1779032398804,Load Users 1-70,GET /work random mode,200,1531
1779032400102,Load Users 1-74,GET /work random mode,200,235
1779032400054,Load Users 1-31,POST /batch mixed tasks,200,285
1779032400332,Load Users 1-27,GET /work random mode,200,8
1779032400215,Load Users 1-22,GET /work random mode,200,129
1779032400054,Load Users 1-92,POST /batch mixed tasks,200,293
1779032400289,Load Users 1-42,GET /work random mode,200,58
1779032399917,Load Users 1-66,POST /batch mixed tasks,200,430
1779032400134,Load Users 1-28,POST /batch mixed tasks,200,218
1779032399991,Load Users 1-35,POST /batch mixed tasks,200,363
1779032399778,Load Users 1-60,POST /batch mixed tasks,200,577
1779032400280,Load Users 1-13,GET /work random mode,200,77
1779032400286,Load Users 1-18,GET /work random mode,200,83
1779032400357,Load Users 1-2,GET /work random mode,200,15
1779032399724,Load Users 1-58,POST /batch mixed tasks,200,649
1779032400211,Load Users 1-73,GET /work random mode,200,165
1779032400102,Load Users 1-75,POST /batch mixed tasks,200,277
1779032399897,Load Users 1-26,GET /work random mode,200,487
1779032399798,Load Users 1-83,GET /work random mode,200,588
1779032400083,Load Users 1-47,POST /batch mixed tasks,200,303
1779032400163,Load Users 1-9,POST /batch mixed tasks,200,224
1779032399939,Load Users 1-78,POST /batch mixed tasks,200,450
1779032400002,Load Users 1-55,GET /work random mode,200,397
1779032400243,Load Users 1-7,GET /work random mode,200,156
1779032400085,Load Users 1-90,POST /batch mixed tasks,200,318
1779032400050,Load Users 1-53,POST /batch mixed tasks,200,356
1779032400109,Load Users 1-57,GET /work random mode,200,298
1779032399947,Load Users 1-97,POST /batch mixed tasks,200,460
1779032399827,Load Users 1-29,POST /batch mixed tasks,200,585
1779032400144,Load Users 1-65,POST /batch mixed tasks,200,269
1779032400411,Load Users 1-31,GET /work random mode,200,13
1779032400021,Load Users 1-54,GET /work random mode,200,407
1779032399664,Load Users 1-61,POST /batch mixed tasks,200,775
1779032400436,Load Users 1-60,GET /work random mode,200,3
1779032400311,Load Users 1-10,GET /work random mode,200,140
1779032400452,Load Users 1-97,GET /work random mode,200,3
1779032400452,Load Users 1-93,GET /work random mode,200,8
1779032400272,Load Users 1-21,POST /batch mixed tasks,200,189
1779032400064,Load Users 1-44,POST /batch mixed tasks,200,399
1779032400364,Load Users 1-82,POST /batch mixed tasks,200,101
1779032400337,Load Users 1-91,GET /work random mode,200,130
1779032400184,Load Users 1-6,GET /work random mode,200,284
1779032400292,Load Users 1-8,GET /work random mode,200,179
1779032400139,Load Users 1-4,GET /work random mode,200,334
1779032400211,Load Users 1-72,GET /work random mode,200,264
1779032400218,Load Users 1-12,POST /batch mixed tasks,200,264
1779032400325,Load Users 1-96,GET /work random mode,200,159
1779032400138,Load Users 1-79,POST /batch mixed tasks,200,352
1779032400001,Load Users 1-59,POST /batch mixed tasks,200,491
1779032400102,Load Users 1-50,POST /batch mixed tasks,200,397
1779032400484,Load Users 1-74,GET /work random mode,200,29
1779032400508,Load Users 1-97,GET /work random mode,200,9
1779032400353,Load Users 1-32,POST /batch mixed tasks,200,181
1779032400369,Load Users 1-39,GET /work random mode,200,167
1779032400502,Load Users 1-65,GET /work random mode,200,34
1779032400291,Load Users 1-36,GET /work random mode,200,252
1779032400436,Load Users 1-48,GET /work random mode,200,117
1779032400406,Load Users 1-22,POST /batch mixed tasks,200,147
1779032400479,Load Users 1-35,GET /work random mode,200,74
1779032400126,Load Users 1-19,GET /work random mode,200,431
1779032400410,Load Users 1-18,POST /batch mixed tasks,200,155
1779032400305,Load Users 1-52,GET /work random mode,200,261
1779032399920,Load Users 1-20,GET /work random mode,200,654
1779032400502,Load Users 1-61,GET /work random mode,200,81
1779032400399,Load Users 1-56,GET /work random mode,200,188
1779032400399,Load Users 1-68,GET /work random mode,200,188
1779032400456,Load Users 1-26,POST /batch mixed tasks,200,134
1779032400536,Load Users 1-4,GET /work random mode,200,58
1779032399765,Load Users 1-41,GET /work random mode,200,829
1779032400498,Load Users 1-2,GET /work random mode,200,100
1779032400234,Load Users 1-99,GET /work random mode,200,364
1779032400500,Load Users 1-91,GET /work random mode,200,102
1779032399994,Load Users 1-34,POST /batch mixed tasks,200,611
1779032400200,Load Users 1-98,POST /batch mixed tasks,200,408
1779032400196,Load Users 1-81,POST /batch mixed tasks,200,415
1779032399208,Load Users 1-80,POST /batch mixed tasks,200,1413
1779032399828,Load Users 1-43,POST /batch mixed tasks,200,798
1779032399953,Load Users 1-16,POST /batch mixed tasks,200,675
1779032400069,Load Users 1-3,POST /batch mixed tasks,200,560
1779032400439,Load Users 1-37,POST /batch mixed tasks,200,193
1779032400225,Load Users 1-89,GET /work random mode,200,407
1779032400129,Load Users 1-14,GET /work random mode,200,505
1779032400227,Load Users 1-71,POST /batch mixed tasks,200,409
1779032400208,Load Users 1-46,POST /batch mixed tasks,200,430
1779032400422,Load Users 1-13,POST /batch mixed tasks,200,219
1779032400177,Load Users 1-40,GET /work random mode,200,464
1779032400615,Load Users 1-79,GET /work random mode,200,27
1779032400277,Load Users 1-64,POST /batch mixed tasks,200,366
1779032400204,Load Users 1-30,GET /work random mode,200,445
1779032400513,Load Users 1-78,POST /batch mixed tasks,200,138
1779032400046,Load Users 1-51,POST /batch mixed tasks,200,608
1779032400625,Load Users 1-19,GET /work random mode,200,30
1779032400397,Load Users 1-1,POST /batch mixed tasks,200,263
1779032400570,Load Users 1-93,GET /work random mode,200,94
1779032400615,Load Users 1-72,GET /work random mode,200,50
1779032400118,Load Users 1-95,POST /batch mixed tasks,200,556
1779032400337,Load Users 1-17,POST /batch mixed tasks,200,342
1779032400242,Load Users 1-23,GET /work random mode,200,439
1779032400661,Load Users 1-65,GET /work random mode,200,20
1779032400385,Load Users 1-92,GET /work random mode,200,303
1779032399987,Load Users 1-5,GET /work random mode,200,718
1779032400418,Load Users 1-94,GET /work random mode,200,296
1779032400714,Load Users 1-1,GET /work random mode,200,3
1779032400371,Load Users 1-70,POST /batch mixed tasks,200,349
1779032400168,Load Users 1-25,POST /batch mixed tasks,200,554
1779032400488,Load Users 1-9,POST /batch mixed tasks,200,239
1779032400197,Load Users 1-76,POST /batch mixed tasks,200,533
1779032400521,Load Users 1-55,POST /batch mixed tasks,200,211
1779032400388,Load Users 1-45,GET /work random mode,200,346
1779032400629,Load Users 1-61,GET /work random mode,200,122
1779032400088,Load Users 1-62,POST /batch mixed tasks,200,668
1779032400714,Load Users 1-99,GET /work random mode,200,45
1779032400105,Load Users 1-38,GET /work random mode,200,656
1779032400442,Load Users 1-7,GET /work random mode,200,319
1779032400393,Load Users 1-28,POST /batch mixed tasks,200,376
1779032400526,Load Users 1-21,POST /batch mixed tasks,200,244
1779032400698,Load Users 1-79,GET /work random mode,200,74
1779032400435,Load Users 1-47,POST /batch mixed tasks,200,344
1779032400426,Load Users 1-27,POST /batch mixed tasks,200,355
1779032400360,Load Users 1-86,POST /batch mixed tasks,200,424
1779032400583,Load Users 1-35,POST /batch mixed tasks,200,208
1779032400749,Load Users 1-93,GET /work random mode,200,46
1779032400411,Load Users 1-42,GET /work random mode,200,403
1779032400391,Load Users 1-87,GET /work random mode,200,423
1779032400766,Load Users 1-92,GET /work random mode,200,51
1779032400490,Load Users 1-75,GET /work random mode,200,328
1779032400498,Load Users 1-58,GET /work random mode,200,320
1779032400519,Load Users 1-53,POST /batch mixed tasks,200,307
1779032400603,Load Users 1-12,GET /work random mode,200,239
1779032400519,Load Users 1-10,GET /work random mode,200,323
1779032400819,Load Users 1-47,GET /work random mode,200,24
1779032400548,Load Users 1-6,GET /work random mode,200,309
1779032400621,Load Users 1-39,POST /batch mixed tasks,200,236
1779032400455,Load Users 1-73,POST /batch mixed tasks,200,411
1779032400635,Load Users 1-20,POST /batch mixed tasks,200,240
1779032400656,Load Users 1-56,POST /batch mixed tasks,200,226
1779032399936,Load Users 1-69,POST /batch mixed tasks,200,947
1779032400707,Load Users 1-19,GET /work random mode,200,177
1779032400779,Load Users 1-94,GET /work random mode,200,107
1779032400311,Load Users 1-49,POST /batch mixed tasks,200,575
1779032400736,Load Users 1-30,GET /work random mode,200,153
1779032400675,Load Users 1-43,GET /work random mode,200,219
1779032400529,Load Users 1-90,POST /batch mixed tasks,200,367
1779032400731,Load Users 1-98,GET /work random mode,200,165
1779032400537,Load Users 1-29,GET /work random mode,200,379
1779032400892,Load Users 1-62,GET /work random mode,200,25
1779032399903,Load Users 1-63,POST /batch mixed tasks,200,1014
1779032400742,Load Users 1-13,POST /batch mixed tasks,200,177
1779032400479,Load Users 1-57,POST /batch mixed tasks,200,441
1779032399658,Load Users 1-24,POST /batch mixed tasks,200,1263
1779032400753,Load Users 1-80,GET /work random mode,200,173
1779032399292,Load Users 1-85,POST /batch mixed tasks,200,1642
1779032400905,Load Users 1-87,GET /work random mode,200,30
1779032399959,Load Users 1-100,POST /batch mixed tasks,200,995
1779032400885,Load Users 1-47,GET /work random mode,200,69
1779032400567,Load Users 1-82,POST /batch mixed tasks,200,388
1779032400569,Load Users 1-44,POST /batch mixed tasks,200,388
1779032400945,Load Users 1-90,GET /work random mode,200,13
1779032400653,Load Users 1-97,GET /work random mode,200,310
1779032400754,Load Users 1-40,GET /work random mode,200,212
1779032400471,Load Users 1-83,POST /batch mixed tasks,200,500
1779032400883,Load Users 1-28,GET /work random mode,200,89
1779032400271,Load Users 1-88,POST /batch mixed tasks,200,708
1779032400868,Load Users 1-75,POST /batch mixed tasks,200,112
1779032400655,Load Users 1-52,POST /batch mixed tasks,200,326
1779032400641,Load Users 1-48,GET /work random mode,200,342
1779032400751,Load Users 1-91,POST /batch mixed tasks,200,232
1779032400662,Load Users 1-41,GET /work random mode,200,323
1779032400550,Load Users 1-60,GET /work random mode,200,442
1779032400814,Load Users 1-76,GET /work random mode,200,179
1779032400720,Load Users 1-51,GET /work random mode,200,274
1779032400793,Load Users 1-45,POST /batch mixed tasks,200,201
1779032401000,Load Users 1-30,GET /work random mode,200,9
1779032400818,Load Users 1-1,GET /work random mode,200,204
1779032400636,Load Users 1-32,POST /batch mixed tasks,200,388
1779032400685,Load Users 1-81,POST /batch mixed tasks,200,341
1779032400462,Load Users 1-54,POST /batch mixed tasks,200,567
1779032400418,Load Users 1-66,POST /batch mixed tasks,200,621
1779032400817,Load Users 1-38,GET /work random mode,200,225
1779032400933,Load Users 1-93,POST /batch mixed tasks,200,112
1779032400571,Load Users 1-8,POST /batch mixed tasks,200,477
1779032400852,Load Users 1-86,POST /batch mixed tasks,200,202
1779032401059,Load Users 1-1,GET /work random mode,200,11
1779032401043,Load Users 1-63,GET /work random mode,200,37
1779032400903,Load Users 1-73,GET /work random mode,200,181
1779032400814,Load Users 1-25,GET /work random mode,200,273
1779032400600,Load Users 1-18,POST /batch mixed tasks,200,488
1779032401044,Load Users 1-85,GET /work random mode,200,46
1779032401002,Load Users 1-62,GET /work random mode,200,94
1779032400731,Load Users 1-2,GET /work random mode,200,365
1779032401023,Load Users 1-44,GET /work random mode,200,77
1779032400400,Load Users 1-67,POST /batch mixed tasks,200,708
1779032400917,Load Users 1-39,POST /batch mixed tasks,200,197
1779032400846,Load Users 1-35,POST /batch mixed tasks,200,270
1779032400343,Load Users 1-15,POST /batch mixed tasks,200,776
1779032400964,Load Users 1-10,GET /work random mode,200,157
1779032400920,Load Users 1-6,GET /work random mode,200,212
1779032400698,Load Users 1-4,POST /batch mixed tasks,200,434
1779032400590,Load Users 1-96,POST /batch mixed tasks,200,548
1779032400748,Load Users 1-34,POST /batch mixed tasks,200,391
1779032400832,Load Users 1-5,GET /work random mode,200,318
1779032400885,Load Users 1-7,POST /batch mixed tasks,200,273
1779032401063,Load Users 1-13,POST /batch mixed tasks,200,96
1779032400698,Load Users 1-64,POST /batch mixed tasks,200,464
1779032400768,Load Users 1-17,GET /work random mode,200,395
1779032400814,Load Users 1-79,GET /work random mode,200,352
1779032400814,Load Users 1-55,POST /batch mixed tasks,200,354
1779032401118,Load Users 1-32,GET /work random mode,200,52
1779032400944,Load Users 1-98,POST /batch mixed tasks,200,228
1779032401051,Load Users 1-28,GET /work random mode,200,127
1779032401076,Load Users 1-83,POST /batch mixed tasks,200,108
1779032400681,Load Users 1-36,POST /batch mixed tasks,200,511
1779032400732,Load Users 1-37,POST /batch mixed tasks,200,465
1779032400673,Load Users 1-14,GET /work random mode,200,525
1779032401198,Load Users 1-1,GET /work random mode,200,7
1779032400755,Load Users 1-78,POST /batch mixed tasks,200,457
1779032400697,Load Users 1-26,POST /batch mixed tasks,200,515
1779032400992,Load Users 1-24,GET /work random mode,200,221
1779032401057,Load Users 1-52,GET /work random mode,200,159
1779032401013,Load Users 1-75,GET /work random mode,200,204
1779032401209,Load Users 1-63,GET /work random mode,200,23
1779032401048,Load Users 1-47,GET /work random mode,200,189
1779032400814,Load Users 1-9,POST /batch mixed tasks,200,432
1779032400975,Load Users 1-69,GET /work random mode,200,272
1779032400488,Load Users 1-31,POST /batch mixed tasks,200,761
1779032400814,Load Users 1-99,POST /batch mixed tasks,200,438
1779032400934,Load Users 1-56,GET /work random mode,200,343
1779032401132,Load Users 1-44,POST /batch mixed tasks,200,148
1779032401132,Load Users 1-41,GET /work random mode,200,154
1779032400795,Load Users 1-72,POST /batch mixed tasks,200,497
1779032401273,Load Users 1-75,GET /work random mode,200,24
1779032400855,Load Users 1-58,GET /work random mode,200,445
1779032400353,Load Users 1-11,POST /batch mixed tasks,200,948
1779032401036,Load Users 1-80,GET /work random mode,200,269
1779032400960,Load Users 1-12,GET /work random mode,200,345
1779032401263,Load Users 1-34,GET /work random mode,200,45
1779032400865,Load Users 1-70,GET /work random mode,200,443
1779032400773,Load Users 1-65,POST /batch mixed tasks,200,536
1779032400820,Load Users 1-95,GET /work random mode,200,490
1779032400998,Load Users 1-94,GET /work random mode,200,314
1779032401247,Load Users 1-6,GET /work random mode,200,67
1779032401305,Load Users 1-83,GET /work random mode,200,15
1779032400814,Load Users 1-23,POST /batch mixed tasks,200,510
1779032400998,Load Users 1-40,POST /batch mixed tasks,200,327
1779032400915,Load Users 1-42,POST /batch mixed tasks,200,420
1779032401351,Load Users 1-12,GET /work random mode,200,3
1779032401130,Load Users 1-73,POST /batch mixed tasks,200,238
1779032400951,Load Users 1-92,POST /batch mixed tasks,200,418
1779032401078,Load Users 1-87,GET /work random mode,200,302
1779032401287,Load Users 1-14,GET /work random mode,200,102
1779032401100,Load Users 1-45,GET /work random mode,200,290
1779032401385,Load Users 1-42,GET /work random mode,200,6
1779032401075,Load Users 1-48,POST /batch mixed tasks,200,325
1779032401077,Load Users 1-97,POST /batch mixed tasks,200,325
1779032400646,Load Users 1-68,POST /batch mixed tasks,200,766
1779032401386,Load Users 1-94,GET /work random mode,200,27
1779032400664,Load Users 1-89,POST /batch mixed tasks,200,751
1779032401182,Load Users 1-62,POST /batch mixed tasks,200,233
1779032400980,Load Users 1-57,POST /batch mixed tasks,200,438
1779032401297,Load Users 1-9,POST /batch mixed tasks,200,124
1779032401080,Load Users 1-38,POST /batch mixed tasks,200,341
1779032401101,Load Users 1-86,POST /batch mixed tasks,200,320
1779032401359,Load Users 1-63,GET /work random mode,200,66
1779032400725,Load Users 1-3,POST /batch mixed tasks,200,701
1779032401245,Load Users 1-2,GET /work random mode,200,181
1779032401244,Load Users 1-39,POST /batch mixed tasks,200,199
1779032401107,Load Users 1-66,GET /work random mode,200,362
1779032401181,Load Users 1-18,POST /batch mixed tasks,200,291
1779032401083,Load Users 1-54,POST /batch mixed tasks,200,392
1779032401175,Load Users 1-81,GET /work random mode,200,304
1779032401416,Load Users 1-12,POST /batch mixed tasks,200,68
1779032401124,Load Users 1-88,POST /batch mixed tasks,200,364
1779032400614,Load Users 1-74,POST /batch mixed tasks,200,875
1779032401288,Load Users 1-32,GET /work random mode,200,203
1779032401061,Load Users 1-30,POST /batch mixed tasks,200,435
1779032400928,Load Users 1-49,POST /batch mixed tasks,200,572
1779032400941,Load Users 1-43,POST /batch mixed tasks,200,564
1779032401061,Load Users 1-76,POST /batch mixed tasks,200,459
1779032401198,Load Users 1-96,GET /work random mode,200,327
1779032401280,Load Users 1-37,POST /batch mixed tasks,200,245
1779032400606,Load Users 1-59,POST /batch mixed tasks,200,925
1779032401366,Load Users 1-80,GET /work random mode,200,167
1779032400704,Load Users 1-71,POST /batch mixed tasks,200,839
1779032401075,Load Users 1-82,GET /work random mode,200,475
1779032401508,Load Users 1-3,GET /work random mode,200,42
1779032401019,Load Users 1-90,POST /batch mixed tasks,200,531
1779032401292,Load Users 1-24,GET /work random mode,200,260
1779032401552,Load Users 1-30,GET /work random mode,200,2
1779032401306,Load Users 1-98,GET /work random mode,200,253
1779032400241,Load Users 1-84,POST /batch mixed tasks,200,1321
1779032401354,Load Users 1-6,POST /batch mixed tasks,200,208
1779032401458,Load Users 1-23,GET /work random mode,200,111
1779032400325,Load Users 1-77,GET /work random mode,200,1250
1779032401512,Load Users 1-48,GET /work random mode,200,64
1779032401348,Load Users 1-52,GET /work random mode,200,232
1779032400955,Load Users 1-29,POST /batch mixed tasks,200,629
1779032401219,Load Users 1-67,GET /work random mode,200,369
1779032401318,Load Users 1-28,GET /work random mode,200,271
1779032401251,Load Users 1-55,POST /batch mixed tasks,200,345
1779032401487,Load Users 1-92,POST /batch mixed tasks,200,112
1779032401418,Load Users 1-70,POST /batch mixed tasks,200,192
1779032401387,Load Users 1-58,POST /batch mixed tasks,200,229
1779032400167,Load Users 1-33,POST /batch mixed tasks,200,1453
1779032400814,Load Users 1-21,POST /batch mixed tasks,200,809
1779032401435,Load Users 1-87,GET /work random mode,200,188
1779032401027,Load Users 1-60,GET /work random mode,200,600
1779032401260,Load Users 1-4,POST /batch mixed tasks,200,368
1779032401287,Load Users 1-78,POST /batch mixed tasks,200,346
1779032401607,Load Users 1-23,GET /work random mode,200,27
1779032401611,Load Users 1-24,GET /work random mode,200,24
1779032400914,Load Users 1-53,POST /batch mixed tasks,200,721
1779032401302,Load Users 1-64,POST /batch mixed tasks,200,342
1779032401630,Load Users 1-37,GET /work random mode,200,15
1779032401005,Load Users 1-20,POST /batch mixed tasks,200,645
1779032401050,Load Users 1-91,POST /batch mixed tasks,200,603
1779032401507,Load Users 1-97,GET /work random mode,200,146
1779032401197,Load Users 1-85,POST /batch mixed tasks,200,460
1779032400946,Load Users 1-19,POST /batch mixed tasks,200,717
1779032401628,Load Users 1-88,GET /work random mode,200,35
1779032401622,Load Users 1-96,GET /work random mode,200,42
1779032401369,Load Users 1-69,GET /work random mode,200,300
1779032401087,Load Users 1-93,POST /batch mixed tasks,200,587
1779032401015,Load Users 1-100,GET /work random mode,200,660
1779032401625,Load Users 1-80,GET /work random mode,200,52
1779032401241,Load Users 1-10,GET /work random mode,200,437
1779032401500,Load Users 1-9,GET /work random mode,200,185
1779032401665,Load Users 1-58,GET /work random mode,200,23
1779032401502,Load Users 1-39,GET /work random mode,200,192
1779032401316,Load Users 1-1,GET /work random mode,200,379
1779032400856,Load Users 1-27,POST /batch mixed tasks,200,842
1779032401371,Load Users 1-65,GET /work random mode,200,330
1779032401258,Load Users 1-7,POST /batch mixed tasks,200,446
1779032401665,Load Users 1-60,GET /work random mode,200,45
1779032401578,Load Users 1-54,GET /work random mode,200,136
1779032401388,Load Users 1-31,GET /work random mode,200,335
1779032401250,Load Users 1-79,POST /batch mixed tasks,200,473
1779032401254,Load Users 1-15,GET /work random mode,200,471
1779032401108,Load Users 1-8,GET /work random mode,200,620
1779032401448,Load Users 1-42,POST /batch mixed tasks,200,281
1779032401448,Load Users 1-45,POST /batch mixed tasks,200,294
1779032401307,Load Users 1-17,POST /batch mixed tasks,200,436
1779032401319,Load Users 1-56,GET /work random mode,200,425
1779032401489,Load Users 1-73,POST /batch mixed tasks,200,256
1779032400655,Load Users 1-22,POST /batch mixed tasks,200,1090
1779032401744,Load Users 1-80,GET /work random mode,200,12
1779032401562,Load Users 1-66,POST /batch mixed tasks,200,201
1779032401534,Load Users 1-2,GET /work random mode,200,235
1779032400720,Load Users 1-46,GET /work random mode,200,1049
1779032401199,Load Users 1-5,POST /batch mixed tasks,200,573
1779032401741,Load Users 1-64,GET /work random mode,200,31
1779032401542,Load Users 1-89,POST /batch mixed tasks,200,236
1779032401405,Load Users 1-41,POST /batch mixed tasks,200,377
1779032401559,Load Users 1-12,GET /work random mode,200,226
1779032401122,Load Users 1-51,POST /batch mixed tasks,200,665
1779032401650,Load Users 1-82,POST /batch mixed tasks,200,140
1779032401668,Load Users 1-30,GET /work random mode,200,123
1779032401626,Load Users 1-77,POST /batch mixed tasks,200,167
1779032401458,Load Users 1-83,POST /batch mixed tasks,200,337
1779032401732,Load Users 1-97,GET /work random mode,200,63
1779032401627,Load Users 1-32,GET /work random mode,200,178
1779032401174,Load Users 1-35,GET /work random mode,200,640
1779032400724,Load Users 1-16,GET /work random mode,200,1096
1779032401823,Load Users 1-66,GET /work random mode,200,3
1779032401702,Load Users 1-4,GET /work random mode,200,126
1779032401616,Load Users 1-81,GET /work random mode,200,215
1779032401260,Load Users 1-26,POST /batch mixed tasks,200,582
1779032401632,Load Users 1-92,POST /batch mixed tasks,200,214
1779032401827,Load Users 1-79,GET /work random mode,200,24
1779032401732,Load Users 1-20,GET /work random mode,200,119
1779032401321,Load Users 1-44,POST /batch mixed tasks,200,533
1779032401836,Load Users 1-2,GET /work random mode,200,18
1779032401714,Load Users 1-19,GET /work random mode,200,143
1779032401643,Load Users 1-55,POST /batch mixed tasks,200,221
1779032401639,Load Users 1-28,GET /work random mode,200,228
1779032401484,Load Users 1-63,POST /batch mixed tasks,200,383
1779032401297,Load Users 1-47,POST /batch mixed tasks,200,572
1779032401359,Load Users 1-99,POST /batch mixed tasks,200,517
1779032401304,Load Users 1-13,POST /batch mixed tasks,200,580
1779032400782,Load Users 1-61,GET /work random mode,200,1120
1779032401521,Load Users 1-38,POST /batch mixed tasks,200,387
1779032401466,Load Users 1-86,GET /work random mode,200,444
1779032401702,Load Users 1-24,GET /work random mode,200,208
1779032401544,Load Users 1-68,POST /batch mixed tasks,200,366
1779032400644,Load Users 1-50,POST /batch mixed tasks,200,1267
1779032401323,Load Users 1-36,POST /batch mixed tasks,200,590
1779032401623,Load Users 1-59,GET /work random mode,200,292
1779032401861,Load Users 1-41,GET /work random mode,200,59
1779032401784,Load Users 1-9,POST /batch mixed tasks,200,142
1779032401699,Load Users 1-53,GET /work random mode,200,230
1779032401562,Load Users 1-43,POST /batch mixed tasks,200,372
1779032401915,Load Users 1-30,GET /work random mode,200,36
1779032401484,Load Users 1-14,POST /batch mixed tasks,200,474
1779032401805,Load Users 1-93,POST /batch mixed tasks,200,157
1779032401960,Load Users 1-68,GET /work random mode,200,5
1779032401778,Load Users 1-73,GET /work random mode,200,187
1779032401760,Load Users 1-70,POST /batch mixed tasks,200,213
1779032401903,Load Users 1-80,GET /work random mode,200,81
1779032401799,Load Users 1-100,GET /work random mode,200,194
1779032401934,Load Users 1-16,GET /work random mode,200,61
1779032401958,Load Users 1-24,GET /work random mode,200,37
1779032401766,Load Users 1-10,GET /work random mode,200,230
1779032401440,Load Users 1-34,GET /work random mode,200,566
1779032401761,Load Users 1-42,GET /work random mode,200,246
1779032401835,Load Users 1-5,POST /batch mixed tasks,200,186
1779032401816,Load Users 1-7,GET /work random mode,200,210
1779032401778,Load Users 1-88,POST /batch mixed tasks,200,253
1779032401972,Load Users 1-55,GET /work random mode,200,59
1779032401741,Load Users 1-23,POST /batch mixed tasks,200,293
1779032401867,Load Users 1-77,POST /batch mixed tasks,200,168
1779032401794,Load Users 1-96,POST /batch mixed tasks,200,243
1779032402014,Load Users 1-28,GET /work random mode,200,32
1779032402038,Load Users 1-30,GET /work random mode,200,13
1779032401657,Load Users 1-48,GET /work random mode,200,400
1779032401884,Load Users 1-35,POST /batch mixed tasks,200,173
1779032401798,Load Users 1-58,POST /batch mixed tasks,200,264
1779032401542,Load Users 1-62,POST /batch mixed tasks,200,524
1779032401599,Load Users 1-74,GET /work random mode,200,472
1779032401642,Load Users 1-98,POST /batch mixed tasks,200,434
1779032401835,Load Users 1-46,GET /work random mode,200,244
1779032401853,Load Users 1-89,POST /batch mixed tasks,200,227
1779032402073,Load Users 1-34,GET /work random mode,200,10
1779032401524,Load Users 1-94,POST /batch mixed tasks,200,566
1779032401421,Load Users 1-11,GET /work random mode,200,675
1779032401652,Load Users 1-29,POST /batch mixed tasks,200,448
1779032402040,Load Users 1-53,GET /work random mode,200,62
1779032402100,Load Users 1-30,GET /work random mode,200,30
1779032401598,Load Users 1-76,POST /batch mixed tasks,200,533
1779032401768,Load Users 1-8,POST /batch mixed tasks,200,366
1779032401917,Load Users 1-64,GET /work random mode,200,219
1779032401394,Load Users 1-40,POST /batch mixed tasks,200,743
1779032401663,Load Users 1-84,POST /batch mixed tasks,200,474
1779032401227,Load Users 1-25,POST /batch mixed tasks,200,919
1779032401838,Load Users 1-17,GET /work random mode,200,310
1779032401792,Load Users 1-91,GET /work random mode,200,356
1779032402055,Load Users 1-9,GET /work random mode,200,104
1779032402119,Load Users 1-100,GET /work random mode,200,43
1779032401734,Load Users 1-1,GET /work random mode,200,429
1779032401536,Load Users 1-49,GET /work random mode,200,651
1779032401737,Load Users 1-87,POST /batch mixed tasks,200,453
1779032401781,Load Users 1-37,POST /batch mixed tasks,200,409
1779032401844,Load Users 1-12,GET /work random mode,200,347
1779032401769,Load Users 1-21,POST /batch mixed tasks,200,422
1779032401701,Load Users 1-33,POST /batch mixed tasks,200,494
1779032401569,Load Users 1-18,GET /work random mode,200,627
1779032402114,Load Users 1-70,GET /work random mode,200,92
1779032401812,Load Users 1-39,POST /batch mixed tasks,200,397
1779032401967,Load Users 1-66,POST /batch mixed tasks,200,245
1779032401947,Load Users 1-92,POST /batch mixed tasks,200,266
1779032402182,Load Users 1-17,GET /work random mode,200,31
1779032401636,Load Users 1-6,POST /batch mixed tasks,200,579
1779032402154,Load Users 1-89,POST /batch mixed tasks,200,74
1779032402204,Load Users 1-9,GET /work random mode,200,25
1779032401762,Load Users 1-69,POST /batch mixed tasks,200,468
1779032401986,Load Users 1-86,POST /batch mixed tasks,200,254
1779032402154,Load Users 1-7,GET /work random mode,200,86
1779032401982,Load Users 1-26,POST /batch mixed tasks,200,264
1779032401925,Load Users 1-19,GET /work random mode,200,330
1779032402232,Load Users 1-94,GET /work random mode,200,27
1779032401980,Load Users 1-47,POST /batch mixed tasks,200,280
1779032402019,Load Users 1-14,POST /batch mixed tasks,200,246
1779032401846,Load Users 1-60,GET /work random mode,200,428
1779032402222,Load Users 1-29,GET /work random mode,200,52
1779032401991,Load Users 1-2,POST /batch mixed tasks,200,285
1779032401861,Load Users 1-22,GET /work random mode,200,416
1779032402135,Load Users 1-98,GET /work random mode,200,144
1779032402084,Load Users 1-10,POST /batch mixed tasks,200,202
1779032401928,Load Users 1-79,POST /batch mixed tasks,200,361
1779032402097,Load Users 1-23,POST /batch mixed tasks,200,192
1779032401783,Load Users 1-65,POST /batch mixed tasks,200,515
1779032402008,Load Users 1-59,POST /batch mixed tasks,200,297
1779032401969,Load Users 1-43,POST /batch mixed tasks,200,352
1779032401878,Load Users 1-51,POST /batch mixed tasks,200,449
1779032402294,Load Users 1-33,GET /work random mode,200,37
1779032401862,Load Users 1-56,GET /work random mode,200,469
1779032402110,Load Users 1-5,POST /batch mixed tasks,200,223
1779032401979,Load Users 1-81,POST /batch mixed tasks,200,357
1779032402331,Load Users 1-69,GET /work random mode,200,7
1779032401409,Load Users 1-72,POST /batch mixed tasks,200,931
1779032401930,Load Users 1-13,POST /batch mixed tasks,200,413
1779032401869,Load Users 1-32,POST /batch mixed tasks,200,478
1779032402161,Load Users 1-11,GET /work random mode,200,191
1779032401809,Load Users 1-54,POST /batch mixed tasks,200,545
1779032402305,Load Users 1-60,GET /work random mode,200,50
1779032402194,Load Users 1-48,GET /work random mode,200,165
1779032402016,Load Users 1-50,POST /batch mixed tasks,200,344
1779032402341,Load Users 1-66,GET /work random mode,200,21
1779032401926,Load Users 1-63,POST /batch mixed tasks,200,437
1779032401805,Load Users 1-45,GET /work random mode,200,559
1779032402181,Load Users 1-58,GET /work random mode,200,184
1779032402365,Load Users 1-94,GET /work random mode,200,5
1779032402361,Load Users 1-65,GET /work random mode,200,11
1779032402274,Load Users 1-21,POST /batch mixed tasks,200,105
1779032402311,Load Users 1-87,POST /batch mixed tasks,200,68
1779032402083,Load Users 1-93,POST /batch mixed tasks,200,297
1779032401956,Load Users 1-99,POST /batch mixed tasks,200,427
1779032401607,Load Users 1-71,GET /work random mode,200,785
1779032401607,Load Users 1-3,GET /work random mode,200,786
1779032401772,Load Users 1-15,GET /work random mode,200,623
1779032402170,Load Users 1-74,POST /batch mixed tasks,200,234
1779032402224,Load Users 1-46,GET /work random mode,200,187
1779032402423,Load Users 1-81,GET /work random mode,200,3
1779032401395,Load Users 1-75,GET /work random mode,200,1035
1779032402137,Load Users 1-35,POST /batch mixed tasks,200,293
1779032402017,Load Users 1-80,POST /batch mixed tasks,200,425
1779032401833,Load Users 1-31,GET /work random mode,200,612
1779032402278,Load Users 1-6,POST /batch mixed tasks,200,168
1779032402431,Load Users 1-58,GET /work random mode,200,18
1779032402370,Load Users 1-72,POST /batch mixed tasks,200,79
1779032402064,Load Users 1-73,POST /batch mixed tasks,200,388
1779032402305,Load Users 1-19,POST /batch mixed tasks,200,152
1779032402435,Load Users 1-71,GET /work random mode,200,25
1779032402332,Load Users 1-12,GET /work random mode,200,132
1779032402351,Load Users 1-59,POST /batch mixed tasks,200,125
1779032401999,Load Users 1-68,POST /batch mixed tasks,200,480
1779032402412,Load Users 1-23,GET /work random mode,200,68
1779032401826,Load Users 1-82,POST /batch mixed tasks,200,656
1779032401754,Load Users 1-78,GET /work random mode,200,731
1779032402025,Load Users 1-61,POST /batch mixed tasks,200,461
1779032401896,Load Users 1-4,GET /work random mode,200,599
1779032402396,Load Users 1-11,GET /work random mode,200,102
1779032402294,Load Users 1-1,GET /work random mode,200,209
1779032402063,Load Users 1-41,POST /batch mixed tasks,200,441
1779032402281,Load Users 1-91,GET /work random mode,200,240
1779032401897,Load Users 1-97,POST /batch mixed tasks,200,628
1779032402307,Load Users 1-86,POST /batch mixed tasks,200,223
1779032402242,Load Users 1-53,GET /work random mode,200,291
1779032402523,Load Users 1-72,GET /work random mode,200,11
1779032402403,Load Users 1-51,POST /batch mixed tasks,200,135
1779032402368,Load Users 1-5,POST /batch mixed tasks,200,171
1779032402370,Load Users 1-2,GET /work random mode,200,174
1779032402353,Load Users 1-89,GET /work random mode,200,194
1779032402547,Load Users 1-1,GET /work random mode,200,7
1779032402184,Load Users 1-96,GET /work random mode,200,370
1779032402316,Load Users 1-9,POST /batch mixed tasks,200,244
1779032402246,Load Users 1-64,POST /batch mixed tasks,200,318
1779032402551,Load Users 1-46,GET /work random mode,200,25
1779032402391,Load Users 1-69,GET /work random mode,200,185
1779032402382,Load Users 1-47,POST /batch mixed tasks,200,195
1779032402526,Load Users 1-61,GET /work random mode,200,61
1779032402129,Load Users 1-77,POST /batch mixed tasks,200,465
1779032401730,Load Users 1-67,GET /work random mode,200,865
1779032401450,Load Users 1-57,POST /batch mixed tasks,200,1145
1779032402478,Load Users 1-80,POST /batch mixed tasks,200,119
1779032401725,Load Users 1-52,GET /work random mode,200,873
1779032402587,Load Users 1-86,GET /work random mode,200,16
1779032402247,Load Users 1-76,POST /batch mixed tasks,200,359
1779032402140,Load Users 1-55,POST /batch mixed tasks,200,469
1779032402258,Load Users 1-18,GET /work random mode,200,356
1779032401994,Load Users 1-36,POST /batch mixed tasks,200,630
1779032402507,Load Users 1-59,GET /work random mode,200,128
1779032402612,Load Users 1-78,GET /work random mode,200,25
1779032401606,Load Users 1-90,POST /batch mixed tasks,200,1033
1779032402256,Load Users 1-100,GET /work random mode,200,392
1779032402181,Load Users 1-28,GET /work random mode,200,473
1779032401439,Load Users 1-95,GET /work random mode,200,1219
1779032402668,Load Users 1-53,GET /work random mode,200,3
1779032402483,Load Users 1-73,POST /batch mixed tasks,200,197
1779032402670,Load Users 1-57,GET /work random mode,200,13
1779032402395,Load Users 1-13,GET /work random mode,200,289
1779032402444,Load Users 1-43,POST /batch mixed tasks,200,241
1779032402548,Load Users 1-12,GET /work random mode,200,138
1779032401746,Load Users 1-27,POST /batch mixed tasks,200,941
1779032402592,Load Users 1-91,GET /work random mode,200,104
1779032402068,Load Users 1-24,POST /batch mixed tasks,200,633
1779032402693,Load Users 1-100,GET /work random mode,200,10
1779032402685,Load Users 1-5,GET /work random mode,200,18
1779032402587,Load Users 1-89,GET /work random mode,200,117
1779032402613,Load Users 1-41,POST /batch mixed tasks,200,96
1779032402346,Load Users 1-92,GET /work random mode,200,376
1779032402566,Load Users 1-81,POST /batch mixed tasks,200,159
1779032402002,Load Users 1-44,POST /batch mixed tasks,200,725
1779032402327,Load Users 1-49,POST /batch mixed tasks,200,409
1779032402352,Load Users 1-29,POST /batch mixed tasks,200,385
1779032402405,Load Users 1-14,POST /batch mixed tasks,200,334
1779032402043,Load Users 1-16,GET /work random mode,200,696
1779032402670,Load Users 1-69,GET /work random mode,200,70
1779032402388,Load Users 1-54,POST /batch mixed tasks,200,354
1779032402013,Load Users 1-38,POST /batch mixed tasks,200,730
1779032402247,Load Users 1-37,GET /work random mode,200,504
1779032402681,Load Users 1-72,GET /work random mode,200,83
1779032402381,Load Users 1-22,POST /batch mixed tasks,200,392
1779032402627,Load Users 1-51,GET /work random mode,200,151
1779032402717,Load Users 1-59,GET /work random mode,200,62
1779032402650,Load Users 1-80,GET /work random mode,200,138
1779032402405,Load Users 1-33,POST /batch mixed tasks,200,386
1779032402570,Load Users 1-75,GET /work random mode,200,222
1779032402187,Load Users 1-8,POST /batch mixed tasks,200,606
1779032402776,Load Users 1-12,GET /work random mode,200,27
1779032402774,Load Users 1-27,GET /work random mode,200,29
1779032402551,Load Users 1-4,GET /work random mode,200,255
1779032402741,Load Users 1-28,GET /work random mode,200,67
1779032402444,Load Users 1-65,POST /batch mixed tasks,200,370
1779032402736,Load Users 1-24,GET /work random mode,200,80
1779032402461,Load Users 1-56,POST /batch mixed tasks,200,361
1779032402761,Load Users 1-57,GET /work random mode,200,64
1779032402802,Load Users 1-37,GET /work random mode,200,27
1779032402440,Load Users 1-63,POST /batch mixed tasks,200,389
1779032401691,Load Users 1-85,POST /batch mixed tasks,200,1141
1779032402248,Load Users 1-25,POST /batch mixed tasks,200,586
1779032402615,Load Users 1-23,GET /work random mode,200,221
1779032402537,Load Users 1-3,POST /batch mixed tasks,200,307
1779032402487,Load Users 1-35,POST /batch mixed tasks,200,365
1779032402845,Load Users 1-100,GET /work random mode,200,9
1779032402805,Load Users 1-54,GET /work random mode,200,49
1779032402838,Load Users 1-41,GET /work random mode,200,18
1779032402830,Load Users 1-5,GET /work random mode,200,34
1779032402491,Load Users 1-60,POST /batch mixed tasks,200,375
1779032402724,Load Users 1-36,POST /batch mixed tasks,200,142
1779032402396,Load Users 1-66,GET /work random mode,200,471
1779032402120,Load Users 1-42,POST /batch mixed tasks,200,753
1779032402169,Load Users 1-84,POST /batch mixed tasks,200,707
1779032402704,Load Users 1-77,POST /batch mixed tasks,200,176
1779032402541,Load Users 1-71,GET /work random mode,200,343
1779032402877,Load Users 1-65,GET /work random mode,200,16
1779032402179,Load Users 1-30,POST /batch mixed tasks,200,721
1779032402312,Load Users 1-98,POST /batch mixed tasks,200,592
1779032401911,Load Users 1-83,GET /work random mode,200,998
1779032402243,Load Users 1-17,POST /batch mixed tasks,200,675
1779032402656,Load Users 1-1,POST /batch mixed tasks,200,265
1779032402479,Load Users 1-48,GET /work random mode,200,446
1779032402416,Load Users 1-21,POST /batch mixed tasks,200,509
1779032402442,Load Users 1-32,POST /batch mixed tasks,200,485
1779032402890,Load Users 1-59,GET /work random mode,200,38
1779032402839,Load Users 1-14,POST /batch mixed tasks,200,91
1779032402130,Load Users 1-34,POST /batch mixed tasks,200,805
1779032402171,Load Users 1-88,GET /work random mode,200,765
1779032402481,Load Users 1-15,GET /work random mode,200,466
1779032402605,Load Users 1-68,POST /batch mixed tasks,200,347
1779032402688,Load Users 1-67,POST /batch mixed tasks,200,271
1779032402710,Load Users 1-53,POST /batch mixed tasks,200,253
1779032402876,Load Users 1-63,POST /batch mixed tasks,200,89
1779032402684,Load Users 1-18,POST /batch mixed tasks,200,296
1779032402600,Load Users 1-64,GET /work random mode,200,383
1779032402655,Load Users 1-2,POST /batch mixed tasks,200,340
1779032402637,Load Users 1-9,POST /batch mixed tasks,200,361
1779032402775,Load Users 1-73,GET /work random mode,200,224
1779032402591,Load Users 1-58,POST /batch mixed tasks,200,410
1779032402523,Load Users 1-93,POST /batch mixed tasks,200,484
1779032402344,Load Users 1-10,POST /batch mixed tasks,200,667
1779032402834,Load Users 1-81,POST /batch mixed tasks,200,181
1779032402345,Load Users 1-26,GET /work random mode,200,670
1779032402703,Load Users 1-78,POST /batch mixed tasks,200,313
1779032402481,Load Users 1-45,GET /work random mode,200,539
1779032402373,Load Users 1-7,POST /batch mixed tasks,200,648
1779032403010,Load Users 1-18,GET /work random mode,200,11
1779032402178,Load Users 1-62,POST /batch mixed tasks,200,844
1779032402337,Load Users 1-70,GET /work random mode,200,690
1779032402708,Load Users 1-47,GET /work random mode,200,321
1779032402903,Load Users 1-41,GET /work random mode,200,133
1779032402766,Load Users 1-44,GET /work random mode,200,274
1779032402691,Load Users 1-55,GET /work random mode,200,362
1779032402933,Load Users 1-85,GET /work random mode,200,122
1779032402660,Load Users 1-97,GET /work random mode,200,395
1779032403028,Load Users 1-32,GET /work random mode,200,27
1779032402940,Load Users 1-35,GET /work random mode,200,118
1779032402836,Load Users 1-12,POST /batch mixed tasks,200,222
1779032402772,Load Users 1-13,POST /batch mixed tasks,200,292
1779032402959,Load Users 1-37,POST /batch mixed tasks,200,109
1779032402411,Load Users 1-79,POST /batch mixed tasks,200,660
1779032402901,Load Users 1-75,GET /work random mode,200,175
1779032403049,Load Users 1-68,GET /work random mode,200,29
1779032403059,Load Users 1-58,GET /work random mode,200,20
1779032402960,Load Users 1-1,GET /work random mode,200,119
1779032402546,Load Users 1-74,POST /batch mixed tasks,200,540
1779032403075,Load Users 1-10,GET /work random mode,200,16
1779032402586,Load Users 1-31,POST /batch mixed tasks,200,506
1779032402897,Load Users 1-25,POST /batch mixed tasks,200,199
1779032402869,Load Users 1-49,GET /work random mode,200,231
1779032402910,Load Users 1-3,POST /batch mixed tasks,200,191
1779032403103,Load Users 1-18,GET /work random mode,200,3
1779032402854,Load Users 1-16,POST /batch mixed tasks,200,253
1779032402685,Load Users 1-90,POST /batch mixed tasks,200,430
1779032402834,Load Users 1-29,GET /work random mode,200,283
1779032403096,Load Users 1-35,GET /work random mode,200,26
1779032402944,Load Users 1-5,GET /work random mode,200,183
1779032402774,Load Users 1-89,POST /batch mixed tasks,200,354
1779032402960,Load Users 1-57,GET /work random mode,200,170
1779032403122,Load Users 1-37,GET /work random mode,200,13
1779032403129,Load Users 1-9,GET /work random mode,200,7
1779032403117,Load Users 1-73,GET /work random mode,200,21
1779032402997,Load Users 1-17,GET /work random mode,200,144
1779032403116,Load Users 1-93,GET /work random mode,200,26
1779032403010,Load Users 1-88,POST /batch mixed tasks,200,145
1779032403043,Load Users 1-30,GET /work random mode,200,115
1779032403159,Load Users 1-25,GET /work random mode,200,10
1779032402419,Load Users 1-99,POST /batch mixed tasks,200,751
1779032402866,Load Users 1-51,POST /batch mixed tasks,200,314
1779032402932,Load Users 1-54,GET /work random mode,200,251
1779032403152,Load Users 1-32,GET /work random mode,200,34
1779032402296,Load Users 1-39,GET /work random mode,200,890
1779032402725,Load Users 1-76,POST /batch mixed tasks,200,466
1779032402877,Load Users 1-69,POST /batch mixed tasks,200,316
1779032402930,Load Users 1-4,POST /batch mixed tasks,200,264
1779032403098,Load Users 1-44,POST /batch mixed tasks,200,97
1779032403180,Load Users 1-31,GET /work random mode,200,19
1779032403029,Load Users 1-65,GET /work random mode,200,171
1779032403194,Load Users 1-68,GET /work random mode,200,7
1779032403114,Load Users 1-97,POST /batch mixed tasks,200,88
1779032402580,Load Users 1-19,POST /batch mixed tasks,200,623
1779032402934,Load Users 1-24,GET /work random mode,200,270
1779032402592,Load Users 1-6,POST /batch mixed tasks,200,612
1779032401987,Load Users 1-20,POST /batch mixed tasks,200,1223
1779032403043,Load Users 1-59,GET /work random mode,200,167
1779032403117,Load Users 1-7,GET /work random mode,200,97
1779032402847,Load Users 1-27,POST /batch mixed tasks,200,370
1779032402948,Load Users 1-83,POST /batch mixed tasks,200,269
1779032402667,Load Users 1-61,GET /work random mode,200,561
1779032402729,Load Users 1-86,GET /work random mode,200,507
1779032402689,Load Users 1-95,POST /batch mixed tasks,200,550
1779032402949,Load Users 1-100,GET /work random mode,200,290
1779032402849,Load Users 1-72,POST /batch mixed tasks,200,392
1779032402947,Load Users 1-84,POST /batch mixed tasks,200,295
1779032403049,Load Users 1-2,POST /batch mixed tasks,200,195
1779032402629,Load Users 1-11,POST /batch mixed tasks,200,617
1779032403007,Load Users 1-77,GET /work random mode,200,246
1779032403010,Load Users 1-42,POST /batch mixed tasks,200,247
1779032403245,Load Users 1-5,GET /work random mode,200,12
1779032402914,Load Users 1-23,POST /batch mixed tasks,200,345
1779032403191,Load Users 1-74,GET /work random mode,200,72
1779032402823,Load Users 1-80,GET /work random mode,200,443
1779032402979,Load Users 1-66,GET /work random mode,200,297
1779032402708,Load Users 1-46,POST /batch mixed tasks,200,573
1779032403205,Load Users 1-13,POST /batch mixed tasks,200,81
1779032403048,Load Users 1-67,POST /batch mixed tasks,200,239
1779032402787,Load Users 1-91,POST /batch mixed tasks,200,503
1779032402467,Load Users 1-50,POST /batch mixed tasks,200,837
1779032403189,Load Users 1-29,GET /work random mode,200,123
1779032402482,Load Users 1-87,GET /work random mode,200,833
1779032403226,Load Users 1-18,GET /work random mode,200,89
1779032403073,Load Users 1-15,GET /work random mode,200,252
1779032402907,Load Users 1-36,POST /batch mixed tasks,200,432
1779032403264,Load Users 1-97,POST /batch mixed tasks,200,75
1779032403251,Load Users 1-57,GET /work random mode,200,92
1779032402911,Load Users 1-56,GET /work random mode,200,434
1779032402961,Load Users 1-98,POST /batch mixed tasks,200,394
1779032402715,Load Users 1-52,POST /batch mixed tasks,200,642
1779032403239,Load Users 1-3,POST /batch mixed tasks,200,122
1779032403149,Load Users 1-55,POST /batch mixed tasks,200,212
1779032403175,Load Users 1-89,GET /work random mode,200,188
1779032403259,Load Users 1-99,GET /work random mode,200,118
1779032403275,Load Users 1-6,GET /work random mode,200,110
1779032403012,Load Users 1-14,GET /work random mode,200,376
1779032403118,Load Users 1-26,POST /batch mixed tasks,200,279
1779032403348,Load Users 1-50,GET /work random mode,200,50
1779032403342,Load Users 1-20,GET /work random mode,200,58
1779032403256,Load Users 1-69,POST /batch mixed tasks,200,146
1779032403307,Load Users 1-11,POST /batch mixed tasks,200,98
1779032403142,Load Users 1-45,POST /batch mixed tasks,200,264
1779032403273,Load Users 1-93,GET /work random mode,200,137
1779032403149,Load Users 1-70,POST /batch mixed tasks,200,263
1779032403243,Load Users 1-24,GET /work random mode,200,173
1779032403104,Load Users 1-81,POST /batch mixed tasks,200,313
1779032403019,Load Users 1-64,GET /work random mode,200,400
1779032402252,Load Users 1-40,POST /batch mixed tasks,200,1172
1779032403289,Load Users 1-61,GET /work random mode,200,136
1779032403384,Load Users 1-86,GET /work random mode,200,44
1779032403334,Load Users 1-83,POST /batch mixed tasks,200,95
1779032403047,Load Users 1-48,GET /work random mode,200,385
1779032402873,Load Users 1-28,POST /batch mixed tasks,200,562
1779032403356,Load Users 1-66,GET /work random mode,200,79
1779032403104,Load Users 1-47,POST /batch mixed tasks,200,333
1779032403194,Load Users 1-88,GET /work random mode,200,259
1779032403388,Load Users 1-67,GET /work random mode,200,66
1779032403401,Load Users 1-46,GET /work random mode,200,56
1779032402878,Load Users 1-33,GET /work random mode,200,582
1779032403278,Load Users 1-2,POST /batch mixed tasks,200,197
1779032403022,Load Users 1-21,GET /work random mode,200,455
1779032402969,Load Users 1-71,POST /batch mixed tasks,200,523
1779032403335,Load Users 1-76,GET /work random mode,200,161
1779032402619,Load Users 1-82,POST /batch mixed tasks,200,881
1779032403257,Load Users 1-19,POST /batch mixed tasks,200,249
1779032403045,Load Users 1-63,POST /batch mixed tasks,200,462
1779032403057,Load Users 1-53,POST /batch mixed tasks,200,456
1779032403217,Load Users 1-1,POST /batch mixed tasks,200,300
1779032403347,Load Users 1-7,GET /work random mode,200,174
1779032402814,Load Users 1-92,POST /batch mixed tasks,200,717
1779032403160,Load Users 1-49,POST /batch mixed tasks,200,372
1779032403232,Load Users 1-90,POST /batch mixed tasks,200,307
1779032403249,Load Users 1-16,POST /batch mixed tasks,200,295
1779032403325,Load Users 1-100,GET /work random mode,200,223
1779032403525,Load Users 1-45,GET /work random mode,200,25
1779032403489,Load Users 1-28,GET /work random mode,200,62
1779032403290,Load Users 1-51,GET /work random mode,200,262
1779032403312,Load Users 1-44,GET /work random mode,200,241
1779032403259,Load Users 1-68,GET /work random mode,200,307
1779032403566,Load Users 1-83,GET /work random mode,200,3
1779032403363,Load Users 1-72,POST /batch mixed tasks,200,209
1779032402913,Load Users 1-8,POST /batch mixed tasks,200,663
1779032403430,Load Users 1-91,POST /batch mixed tasks,200,149
1779032403219,Load Users 1-79,POST /batch mixed tasks,200,361
1779032403249,Load Users 1-17,GET /work random mode,200,332
1779032403064,Load Users 1-34,POST /batch mixed tasks,200,518
1779032403574,Load Users 1-71,GET /work random mode,200,19
1779032402676,Load Users 1-96,GET /work random mode,200,922
1779032403580,Load Users 1-19,GET /work random mode,200,21
1779032402763,Load Users 1-43,POST /batch mixed tasks,200,843
1779032403113,Load Users 1-62,POST /batch mixed tasks,200,497
1779032402451,Load Users 1-94,POST /batch mixed tasks,200,1175
1779032403590,Load Users 1-90,GET /work random mode,200,38
1779032403577,Load Users 1-21,POST /batch mixed tasks,200,52
1779032402887,Load Users 1-38,POST /batch mixed tasks,200,744
1779032403223,Load Users 1-30,POST /batch mixed tasks,200,410
1779032403519,Load Users 1-64,GET /work random mode,200,114
1779032403322,Load Users 1-27,POST /batch mixed tasks,200,315
1779032403405,Load Users 1-56,POST /batch mixed tasks,200,233
1779032403626,Load Users 1-79,GET /work random mode,200,22
1779032403287,Load Users 1-77,POST /batch mixed tasks,200,361
1779032403506,Load Users 1-48,GET /work random mode,200,143
1779032403501,Load Users 1-14,GET /work random mode,200,153
1779032403466,Load Users 1-36,POST /batch mixed tasks,200,192
1779032403615,Load Users 1-83,GET /work random mode,200,45
1779032403380,Load Users 1-57,POST /batch mixed tasks,200,282
1779032403134,Load Users 1-41,POST /batch mixed tasks,200,535
1779032403285,Load Users 1-54,POST /batch mixed tasks,200,386
1779032403399,Load Users 1-89,GET /work random mode,200,272
1779032403305,Load Users 1-80,POST /batch mixed tasks,200,369
1779032403229,Load Users 1-9,GET /work random mode,200,446
1779032403583,Load Users 1-49,GET /work random mode,200,92
1779032403331,Load Users 1-13,POST /batch mixed tasks,200,348
1779032403674,Load Users 1-8,GET /work random mode,200,15
1779032403498,Load Users 1-69,POST /batch mixed tasks,200,192
1779032403573,Load Users 1-61,GET /work random mode,200,117
1779032403127,Load Users 1-85,POST /batch mixed tasks,200,563
1779032403174,Load Users 1-73,GET /work random mode,200,516
1779032403271,Load Users 1-65,POST /batch mixed tasks,200,420
1779032403502,Load Users 1-52,GET /work random mode,200,192
1779032403461,Load Users 1-97,POST /batch mixed tasks,200,234
1779032403693,Load Users 1-17,GET /work random mode,200,3
1779032403689,Load Users 1-51,GET /work random mode,200,10
1779032402892,Load Users 1-22,POST /batch mixed tasks,200,808
1779032403129,Load Users 1-78,POST /batch mixed tasks,200,580
1779032403529,Load Users 1-2,GET /work random mode,200,186
1779032403495,Load Users 1-33,GET /work random mode,200,225
1779032403552,Load Users 1-81,GET /work random mode,200,172
1779032403285,Load Users 1-95,POST /batch mixed tasks,200,441
1779032403230,Load Users 1-4,POST /batch mixed tasks,200,502
1779032403713,Load Users 1-13,GET /work random mode,200,30
1779032403681,Load Users 1-28,GET /work random mode,200,63
1779032403365,Load Users 1-18,POST /batch mixed tasks,200,386
1779032403686,Load Users 1-68,GET /work random mode,200,69
1779032403507,Load Users 1-3,GET /work random mode,200,249
1779032403272,Load Users 1-37,POST /batch mixed tasks,200,484
1779032403703,Load Users 1-34,GET /work random mode,200,56
1779032403640,Load Users 1-44,GET /work random mode,200,120
1779032403395,Load Users 1-87,GET /work random mode,200,367
1779032403302,Load Users 1-84,POST /batch mixed tasks,200,466
1779032403602,Load Users 1-67,POST /batch mixed tasks,200,168
1779032403538,Load Users 1-11,POST /batch mixed tasks,200,236
1779032403740,Load Users 1-9,GET /work random mode,200,41
1779032403714,Load Users 1-72,GET /work random mode,200,73
1779032403455,Load Users 1-93,POST /batch mixed tasks,200,336
1779032403451,Load Users 1-29,POST /batch mixed tasks,200,345
1779032403404,Load Users 1-15,POST /batch mixed tasks,200,395
1779032403770,Load Users 1-83,GET /work random mode,200,33
1779032403755,Load Users 1-85,GET /work random mode,200,50
1779032403730,Load Users 1-89,GET /work random mode,200,81
1779032403411,Load Users 1-74,GET /work random mode,200,400
1779032403704,Load Users 1-94,GET /work random mode,200,114
1779032403354,Load Users 1-59,GET /work random mode,200,466
1779032403730,Load Users 1-51,GET /work random mode,200,90
1779032403750,Load Users 1-22,GET /work random mode,200,76
1779032403805,Load Users 1-61,GET /work random mode,200,40
1779032403602,Load Users 1-100,POST /batch mixed tasks,200,247
1779032403322,Load Users 1-31,POST /batch mixed tasks,200,529
1779032402956,Load Users 1-60,POST /batch mixed tasks,200,899
1779032403645,Load Users 1-91,GET /work random mode,200,214
1779032403287,Load Users 1-39,POST /batch mixed tasks,200,578
1779032403664,Load Users 1-21,POST /batch mixed tasks,200,206
1779032403409,Load Users 1-23,POST /batch mixed tasks,200,465
1779032403610,Load Users 1-92,POST /batch mixed tasks,200,267
1779032403842,Load Users 1-85,GET /work random mode,200,41
1779032403583,Load Users 1-46,POST /batch mixed tasks,200,300
1779032403878,Load Users 1-89,GET /work random mode,200,11
1779032403530,Load Users 1-6,POST /batch mixed tasks,200,363
1779032403581,Load Users 1-88,GET /work random mode,200,313
1779032403471,Load Users 1-20,GET /work random mode,200,432
1779032403689,Load Users 1-27,GET /work random mode,200,218
1779032403784,Load Users 1-81,POST /batch mixed tasks,200,129
1779032403636,Load Users 1-76,GET /work random mode,200,279
1779032403744,Load Users 1-48,GET /work random mode,200,176
1779032403878,Load Users 1-93,GET /work random mode,200,43
1779032403778,Load Users 1-33,GET /work random mode,200,144
1779032403132,Load Users 1-10,GET /work random mode,200,791
1779032403843,Load Users 1-11,GET /work random mode,200,98
1779032403947,Load Users 1-88,GET /work random mode,200,1
1779032403782,Load Users 1-17,GET /work random mode,200,173
1779032403808,Load Users 1-13,GET /work random mode,200,150
1779032403753,Load Users 1-38,POST /batch mixed tasks,200,208
1779032403655,Load Users 1-1,POST /batch mixed tasks,200,306
1779032403502,Load Users 1-66,POST /batch mixed tasks,200,466
1779032403351,Load Users 1-5,POST /batch mixed tasks,200,620
1779032403310,Load Users 1-32,GET /work random mode,200,664
1779032403955,Load Users 1-51,GET /work random mode,200,20
1779032403496,Load Users 1-50,POST /batch mixed tasks,200,482
1779032403848,Load Users 1-29,GET /work random mode,200,132
1779032403748,Load Users 1-78,GET /work random mode,200,235
1779032403606,Load Users 1-82,GET /work random mode,200,380
1779032403858,Load Users 1-94,GET /work random mode,200,129
1779032403984,Load Users 1-21,GET /work random mode,200,4
1779032403330,Load Users 1-42,POST /batch mixed tasks,200,660
1779032403515,Load Users 1-24,POST /batch mixed tasks,200,478
1779032403779,Load Users 1-69,POST /batch mixed tasks,200,216
1779032403704,Load Users 1-43,POST /batch mixed tasks,200,291
1779032403941,Load Users 1-83,GET /work random mode,200,55
1779032403866,Load Users 1-72,POST /batch mixed tasks,200,133
1779032403664,Load Users 1-19,POST /batch mixed tasks,200,337
1779032403808,Load Users 1-52,POST /batch mixed tasks,200,195
1779032403504,Load Users 1-98,GET /work random mode,200,501
1779032403516,Load Users 1-40,POST /batch mixed tasks,200,490
1779032403825,Load Users 1-67,POST /batch mixed tasks,200,181
1779032403983,Load Users 1-46,GET /work random mode,200,31
1779032403955,Load Users 1-59,GET /work random mode,200,59
1779032403212,Load Users 1-75,GET /work random mode,200,805
1779032403991,Load Users 1-6,GET /work random mode,200,30
1779032403830,Load Users 1-37,GET /work random mode,200,196
1779032404029,Load Users 1-51,GET /work random mode,200,2
1779032403760,Load Users 1-57,POST /batch mixed tasks,200,287
1779032403696,Load Users 1-36,POST /batch mixed tasks,200,357
1779032404043,Load Users 1-67,GET /work random mode,200,13
1779032404027,Load Users 1-10,GET /work random mode,200,30
1779032404030,Load Users 1-93,GET /work random mode,200,27
1779032404016,Load Users 1-50,GET /work random mode,200,44
1779032403650,Load Users 1-53,POST /batch mixed tasks,200,412
1779032403679,Load Users 1-96,POST /batch mixed tasks,200,385
1779032403111,Load Users 1-12,POST /batch mixed tasks,200,956
1779032404016,Load Users 1-66,GET /work random mode,200,54
1779032403948,Load Users 1-20,GET /work random mode,200,122
1779032404056,Load Users 1-32,GET /work random mode,200,19
1779032403460,Load Users 1-26,POST /batch mixed tasks,200,616
1779032404020,Load Users 1-81,GET /work random mode,200,61
1779032403511,Load Users 1-47,GET /work random mode,200,571
1779032403255,Load Users 1-35,POST /batch mixed tasks,200,840
1779032403745,Load Users 1-8,POST /batch mixed tasks,200,359
1779032404012,Load Users 1-17,GET /work random mode,200,93
1779032403485,Load Users 1-55,POST /batch mixed tasks,200,620
1779032403990,Load Users 1-60,GET /work random mode,200,116
1779032404106,Load Users 1-36,GET /work random mode,200,5
1779032404092,Load Users 1-93,GET /work random mode,200,21
1779032403506,Load Users 1-99,POST /batch mixed tasks,200,609
1779032403787,Load Users 1-41,POST /batch mixed tasks,200,334
1779032403813,Load Users 1-4,POST /batch mixed tasks,200,318
1779032403812,Load Users 1-95,POST /batch mixed tasks,200,324
1779032403772,Load Users 1-97,POST /batch mixed tasks,200,365
1779032404069,Load Users 1-48,POST /batch mixed tasks,200,74
1779032403922,Load Users 1-100,POST /batch mixed tasks,200,225
1779032403576,Load Users 1-7,POST /batch mixed tasks,200,586
1779032403545,Load Users 1-86,POST /batch mixed tasks,200,626
1779032404046,Load Users 1-29,GET /work random mode,200,125
1779032404119,Load Users 1-51,GET /work random mode,200,53
1779032404075,Load Users 1-38,GET /work random mode,200,107
1779032403744,Load Users 1-90,POST /batch mixed tasks,200,438
1779032404099,Load Users 1-96,GET /work random mode,200,86
1779032403867,Load Users 1-87,POST /batch mixed tasks,200,321
1779032403265,Load Users 1-25,POST /batch mixed tasks,200,928
1779032403729,Load Users 1-54,GET /work random mode,200,468
1779032403876,Load Users 1-61,POST /batch mixed tasks,200,325
1779032404029,Load Users 1-5,POST /batch mixed tasks,200,175
1779032403930,Load Users 1-22,POST /batch mixed tasks,200,276
1779032403961,Load Users 1-92,GET /work random mode,200,252
1779032404167,Load Users 1-26,GET /work random mode,200,48
1779032403777,Load Users 1-64,POST /batch mixed tasks,200,439
1779032403704,Load Users 1-77,GET /work random mode,200,513
1779032404110,Load Users 1-20,GET /work random mode,200,115
1779032403973,Load Users 1-39,POST /batch mixed tasks,200,254
1779032403961,Load Users 1-85,POST /batch mixed tasks,200,271
1779032404104,Load Users 1-12,POST /batch mixed tasks,200,128
1779032403908,Load Users 1-9,GET /work random mode,200,326
1779032403693,Load Users 1-62,GET /work random mode,200,548
1779032403909,Load Users 1-31,POST /batch mixed tasks,200,334
1779032404066,Load Users 1-78,POST /batch mixed tasks,200,177
1779032404204,Load Users 1-55,GET /work random mode,200,41
1779032404179,Load Users 1-67,GET /work random mode,200,67
1779032403750,Load Users 1-14,GET /work random mode,200,498
1779032403759,Load Users 1-73,GET /work random mode,200,494
1779032403937,Load Users 1-91,POST /batch mixed tasks,200,324
1779032403955,Load Users 1-33,POST /batch mixed tasks,200,308
1779032403897,Load Users 1-68,POST /batch mixed tasks,200,374
1779032403684,Load Users 1-45,POST /batch mixed tasks,200,588
1779032404051,Load Users 1-94,POST /batch mixed tasks,200,225
1779032404171,Load Users 1-32,POST /batch mixed tasks,200,109
1779032404091,Load Users 1-10,GET /work random mode,200,190
1779032403915,Load Users 1-74,POST /batch mixed tasks,200,370
1779032404266,Load Users 1-87,GET /work random mode,200,23
1779032403740,Load Users 1-71,GET /work random mode,200,562
1779032404142,Load Users 1-6,GET /work random mode,200,166
1779032404291,Load Users 1-85,GET /work random mode,200,17
1779032403131,Load Users 1-58,POST /batch mixed tasks,200,1179
1779032403642,Load Users 1-63,POST /batch mixed tasks,200,669
1779032404166,Load Users 1-17,GET /work random mode,200,146
1779032404117,Load Users 1-82,POST /batch mixed tasks,200,195
1779032404220,Load Users 1-96,GET /work random mode,200,103
1779032404133,Load Users 1-98,POST /batch mixed tasks,200,206
1779032403880,Load Users 1-84,POST /batch mixed tasks,200,466
1779032404327,Load Users 1-31,GET /work random mode,200,22
1779032404098,Load Users 1-13,POST /batch mixed tasks,200,251
1779032404129,Load Users 1-24,GET /work random mode,200,222
1779032403744,Load Users 1-80,POST /batch mixed tasks,200,612
1779032404343,Load Users 1-12,GET /work random mode,200,21
1779032404089,Load Users 1-40,GET /work random mode,200,277
1779032403739,Load Users 1-30,POST /batch mixed tasks,200,642
1779032404362,Load Users 1-32,GET /work random mode,200,19
1779032404316,Load Users 1-64,GET /work random mode,200,68
1779032404040,Load Users 1-72,POST /batch mixed tasks,200,347
1779032404022,Load Users 1-11,POST /batch mixed tasks,200,366
1779032404342,Load Users 1-94,POST /batch mixed tasks,200,48
1779032403725,Load Users 1-49,POST /batch mixed tasks,200,667
1779032404261,Load Users 1-38,POST /batch mixed tasks,200,140
1779032404201,Load Users 1-86,GET /work random mode,200,203
1779032404303,Load Users 1-68,GET /work random mode,200,106
1779032404045,Load Users 1-52,POST /batch mixed tasks,200,368
1779032403896,Load Users 1-44,POST /batch mixed tasks,200,518
1779032404279,Load Users 1-25,POST /batch mixed tasks,200,136
1779032404208,Load Users 1-47,GET /work random mode,200,208
1779032404108,Load Users 1-69,GET /work random mode,200,310
1779032404219,Load Users 1-51,GET /work random mode,200,202
1779032404086,Load Users 1-88,GET /work random mode,200,348
1779032404401,Load Users 1-91,GET /work random mode,200,34
1779032404069,Load Users 1-21,GET /work random mode,200,367
1779032404305,Load Users 1-20,GET /work random mode,200,131
1779032403892,Load Users 1-34,POST /batch mixed tasks,200,545
1779032403910,Load Users 1-15,POST /batch mixed tasks,200,528
1779032403697,Load Users 1-79,GET /work random mode,200,756
1779032404246,Load Users 1-4,POST /batch mixed tasks,200,222
1779032404435,Load Users 1-31,GET /work random mode,200,38
1779032403973,Load Users 1-27,GET /work random mode,200,503
1779032404258,Load Users 1-7,POST /batch mixed tasks,200,218
1779032404299,Load Users 1-55,GET /work random mode,200,187
1779032404332,Load Users 1-78,GET /work random mode,200,159
1779032404148,Load Users 1-66,POST /batch mixed tasks,200,350
1779032404163,Load Users 1-59,POST /batch mixed tasks,200,337
1779032403640,Load Users 1-16,GET /work random mode,200,864
1779032403680,Load Users 1-56,POST /batch mixed tasks,200,835
1779032404395,Load Users 1-74,POST /batch mixed tasks,200,121
1779032403453,Load Users 1-70,POST /batch mixed tasks,200,1065
1779032404271,Load Users 1-92,GET /work random mode,200,248
1779032403726,Load Users 1-65,POST /batch mixed tasks,200,794
1779032404468,Load Users 1-51,GET /work random mode,200,54
1779032403888,Load Users 1-3,GET /work random mode,200,637
1779032404081,Load Users 1-42,POST /batch mixed tasks,200,450
1779032404025,Load Users 1-89,GET /work random mode,200,512
1779032404207,Load Users 1-81,GET /work random mode,200,330
1779032404525,Load Users 1-15,GET /work random mode,200,22
1779032404519,Load Users 1-11,GET /work random mode,200,33
1779032404354,Load Users 1-63,POST /batch mixed tasks,200,202
1779032404209,Load Users 1-41,POST /batch mixed tasks,200,347
1779032404430,Load Users 1-40,GET /work random mode,200,131
1779032404486,Load Users 1-91,POST /batch mixed tasks,200,78
1779032404313,Load Users 1-73,POST /batch mixed tasks,200,253
1779032404457,Load Users 1-32,GET /work random mode,200,110
1779032404469,Load Users 1-94,GET /work random mode,200,104
1779032404070,Load Users 1-1,POST /batch mixed tasks,200,507
1779032404230,Load Users 1-8,GET /work random mode,200,349
1779032404570,Load Users 1-31,GET /work random mode,200,14
1779032404569,Load Users 1-34,GET /work random mode,200,23
1779032403822,Load Users 1-18,POST /batch mixed tasks,200,770
1779032404366,Load Users 1-9,POST /batch mixed tasks,200,233
1779032404559,Load Users 1-27,GET /work random mode,200,43
1779032404208,Load Users 1-48,POST /batch mixed tasks,200,394
1779032404096,Load Users 1-37,POST /batch mixed tasks,200,511
1779032404600,Load Users 1-78,GET /work random mode,200,9
1779032404267,Load Users 1-95,GET /work random mode,200,343
1779032404060,Load Users 1-76,POST /batch mixed tasks,200,550
1779032404343,Load Users 1-67,POST /batch mixed tasks,200,269
1779032404457,Load Users 1-47,POST /batch mixed tasks,200,161
1779032404403,Load Users 1-13,GET /work random mode,200,216
1779032404416,Load Users 1-96,GET /work random mode,200,204
1779032404101,Load Users 1-83,POST /batch mixed tasks,200,527
1779032404415,Load Users 1-12,GET /work random mode,200,222
1779032404386,Load Users 1-71,POST /batch mixed tasks,200,253
1779032404250,Load Users 1-90,GET /work random mode,200,389
1779032404638,Load Users 1-34,GET /work random mode,200,3
1779032404309,Load Users 1-14,POST /batch mixed tasks,200,335
1779032404273,Load Users 1-29,GET /work random mode,200,372
1779032404487,Load Users 1-25,POST /batch mixed tasks,200,164
1779032403783,Load Users 1-2,POST /batch mixed tasks,200,871
1779032404428,Load Users 1-80,POST /batch mixed tasks,200,226
1779032404262,Load Users 1-93,POST /batch mixed tasks,200,392
1779032404232,Load Users 1-97,POST /batch mixed tasks,200,428
1779032404369,Load Users 1-17,POST /batch mixed tasks,200,299
1779032404210,Load Users 1-50,GET /work random mode,200,459
1779032404649,Load Users 1-73,GET /work random mode,200,26
1779032404654,Load Users 1-51,GET /work random mode,200,22
1779032404442,Load Users 1-58,POST /batch mixed tasks,200,241
1779032404179,Load Users 1-60,POST /batch mixed tasks,200,509
1779032404311,Load Users 1-54,POST /batch mixed tasks,200,385
1779032404532,Load Users 1-7,POST /batch mixed tasks,200,165
1779032404259,Load Users 1-61,GET /work random mode,200,440
1779032404690,Load Users 1-9,GET /work random mode,200,11
1779032404302,Load Users 1-39,POST /batch mixed tasks,200,403
1779032403872,Load Users 1-28,POST /batch mixed tasks,200,833
1779032404605,Load Users 1-40,POST /batch mixed tasks,200,101
1779032404664,Load Users 1-13,POST /batch mixed tasks,200,44
1779032404221,Load Users 1-36,POST /batch mixed tasks,200,492
1779032404615,Load Users 1-94,GET /work random mode,200,101
1779032404546,Load Users 1-74,POST /batch mixed tasks,200,174
1779032404458,Load Users 1-98,POST /batch mixed tasks,200,275
1779032404407,Load Users 1-82,POST /batch mixed tasks,200,334
1779032404587,Load Users 1-42,POST /batch mixed tasks,200,167
1779032404276,Load Users 1-62,POST /batch mixed tasks,200,484
1779032404618,Load Users 1-31,GET /work random mode,200,143
1779032404592,Load Users 1-41,POST /batch mixed tasks,200,170
1779032404345,Load Users 1-10,GET /work random mode,200,423
1779032404563,Load Users 1-44,POST /batch mixed tasks,200,205
1779032404470,Load Users 1-24,POST /batch mixed tasks,200,300
1779032404621,Load Users 1-66,GET /work random mode,200,150
1779032404613,Load Users 1-8,GET /work random mode,200,159
1779032404654,Load Users 1-15,GET /work random mode,200,125
1779032404715,Load Users 1-73,GET /work random mode,200,68
1779032404686,Load Users 1-37,GET /work random mode,200,99
1779032404478,Load Users 1-72,POST /batch mixed tasks,200,324
1779032404782,Load Users 1-90,GET /work random mode,200,20
1779032404149,Load Users 1-35,POST /batch mixed tasks,200,657
1779032404728,Load Users 1-7,GET /work random mode,200,80
1779032404499,Load Users 1-38,POST /batch mixed tasks,200,315
1779032404442,Load Users 1-86,POST /batch mixed tasks,200,388
1779032404699,Load Users 1-76,GET /work random mode,200,135
1779032404585,Load Users 1-21,GET /work random mode,200,258
1779032404417,Load Users 1-64,GET /work random mode,200,428
1779032404611,Load Users 1-56,POST /batch mixed tasks,200,235
1779032404590,Load Users 1-89,GET /work random mode,200,263
1779032404602,Load Users 1-91,POST /batch mixed tasks,200,251
1779032404299,Load Users 1-33,POST /batch mixed tasks,200,555
1779032404128,Load Users 1-75,POST /batch mixed tasks,200,726
1779032403934,Load Users 1-23,POST /batch mixed tasks,200,923
1779032404498,Load Users 1-20,GET /work random mode,200,362
1779032404696,Load Users 1-2,GET /work random mode,200,166
1779032404527,Load Users 1-55,GET /work random mode,200,335
1779032404324,Load Users 1-22,POST /batch mixed tasks,200,544
1779032404274,Load Users 1-100,GET /work random mode,200,604
1779032404691,Load Users 1-18,GET /work random mode,200,187
1779032404676,Load Users 1-1,GET /work random mode,200,204
1779032404211,Load Users 1-99,POST /batch mixed tasks,200,669
1779032404773,Load Users 1-51,GET /work random mode,200,110
1779032404864,Load Users 1-24,GET /work random mode,200,28
1779032404414,Load Users 1-45,POST /batch mixed tasks,200,479
1779032404826,Load Users 1-60,GET /work random mode,200,70
1779032404596,Load Users 1-70,POST /batch mixed tasks,200,300
1779032404901,Load Users 1-37,GET /work random mode,200,4
1779032404597,Load Users 1-81,POST /batch mixed tasks,200,309
1779032404885,Load Users 1-10,GET /work random mode,200,24
1779032404096,Load Users 1-46,POST /batch mixed tasks,200,814
1779032404130,Load Users 1-57,GET /work random mode,200,780
1779032404161,Load Users 1-53,POST /batch mixed tasks,200,755
1779032404421,Load Users 1-6,GET /work random mode,200,498
1779032404640,Load Users 1-16,GET /work random mode,200,280
1779032404812,Load Users 1-66,GET /work random mode,200,110
1779032404805,Load Users 1-50,GET /work random mode,200,119
1779032404908,Load Users 1-100,GET /work random mode,200,25
1779032404493,Load Users 1-69,POST /batch mixed tasks,200,440
1779032404545,Load Users 1-68,POST /batch mixed tasks,200,391
1779032404910,Load Users 1-73,GET /work random mode,200,38
1779032404652,Load Users 1-11,GET /work random mode,200,298
1779032404899,Load Users 1-38,GET /work random mode,200,57
1779032404891,Load Users 1-35,GET /work random mode,200,70
1779032404554,Load Users 1-65,POST /batch mixed tasks,200,407
1779032404789,Load Users 1-39,GET /work random mode,200,174
1779032404863,Load Users 1-8,POST /batch mixed tasks,200,101
1779032404751,Load Users 1-71,POST /batch mixed tasks,200,214
1779032404806,Load Users 1-74,GET /work random mode,200,163
1779032404055,Load Users 1-43,GET /work random mode,200,930
1779032404688,Load Users 1-12,POST /batch mixed tasks,200,299
1779032404813,Load Users 1-9,POST /batch mixed tasks,200,177
1779032404415,Load Users 1-85,GET /work random mode,200,577
1779032404728,Load Users 1-93,GET /work random mode,200,270
1779032404582,Load Users 1-4,POST /batch mixed tasks,200,418
1779032404450,Load Users 1-52,POST /batch mixed tasks,200,550
1779032404990,Load Users 1-1,GET /work random mode,200,12
1779032404803,Load Users 1-28,GET /work random mode,200,203
1779032404611,Load Users 1-32,POST /batch mixed tasks,200,396
1779032404793,Load Users 1-94,POST /batch mixed tasks,200,219
1779032404649,Load Users 1-92,POST /batch mixed tasks,200,363
1779032404837,Load Users 1-15,GET /work random mode,200,184
1779032404739,Load Users 1-95,POST /batch mixed tasks,200,283
1779032404913,Load Users 1-21,POST /batch mixed tasks,200,111
1779032404760,Load Users 1-61,POST /batch mixed tasks,200,279
1779032404939,Load Users 1-99,POST /batch mixed tasks,200,100
1779032404661,Load Users 1-83,POST /batch mixed tasks,200,378
1779032404772,Load Users 1-17,POST /batch mixed tasks,200,272
1779032404771,Load Users 1-34,POST /batch mixed tasks,200,275
1779032404946,Load Users 1-60,GET /work random mode,200,105
1779032404893,Load Users 1-75,POST /batch mixed tasks,200,161
1779032404905,Load Users 1-64,GET /work random mode,200,153
1779032404373,Load Users 1-87,POST /batch mixed tasks,200,692
1779032404727,Load Users 1-80,POST /batch mixed tasks,200,344
1779032405002,Load Users 1-37,GET /work random mode,200,74
1779032405044,Load Users 1-35,GET /work random mode,200,36
1779032404984,Load Users 1-89,GET /work random mode,200,97
1779032405096,Load Users 1-12,GET /work random mode,200,4
1779032404718,Load Users 1-27,POST /batch mixed tasks,200,384
1779032404140,Load Users 1-19,POST /batch mixed tasks,200,962
1779032404652,Load Users 1-67,POST /batch mixed tasks,200,454
1779032404794,Load Users 1-62,POST /batch mixed tasks,200,318
1779032404843,Load Users 1-13,GET /work random mode,200,274
1779032404988,Load Users 1-33,GET /work random mode,200,130
1779032404586,Load Users 1-3,GET /work random mode,200,539
1779032404852,Load Users 1-7,POST /batch mixed tasks,200,276
1779032404975,Load Users 1-16,GET /work random mode,200,159
1779032405019,Load Users 1-65,GET /work random mode,200,130
1779032405127,Load Users 1-92,GET /work random mode,200,22
1779032404823,Load Users 1-58,POST /batch mixed tasks,200,330
1779032404406,Load Users 1-84,GET /work random mode,200,750
1779032404459,Load Users 1-30,POST /batch mixed tasks,200,701
1779032404966,Load Users 1-57,GET /work random mode,200,194
1779032405136,Load Users 1-89,GET /work random mode,200,34
1779032404788,Load Users 1-40,POST /batch mixed tasks,200,390
1779032405125,Load Users 1-64,GET /work random mode,200,53
1779032404971,Load Users 1-6,GET /work random mode,200,216
1779032404692,Load Users 1-29,POST /batch mixed tasks,200,495
1779032404795,Load Users 1-41,POST /batch mixed tasks,200,400
1779032405183,Load Users 1-87,GET /work random mode,200,12
1779032404492,Load Users 1-49,GET /work random mode,200,703
1779032404992,Load Users 1-22,POST /batch mixed tasks,200,205
1779032404970,Load Users 1-86,GET /work random mode,200,229
1779032405051,Load Users 1-38,POST /batch mixed tasks,200,148
1779032405140,Load Users 1-75,GET /work random mode,200,61
1779032404836,Load Users 1-42,GET /work random mode,200,371
1779032404970,Load Users 1-69,GET /work random mode,200,247
1779032405000,Load Users 1-73,GET /work random mode,200,218
1779032405075,Load Users 1-93,GET /work random mode,200,147
1779032404599,Load Users 1-59,POST /batch mixed tasks,200,624
1779032405042,Load Users 1-43,POST /batch mixed tasks,200,187
1779032405072,Load Users 1-11,POST /batch mixed tasks,200,157
1779032404911,Load Users 1-90,POST /batch mixed tasks,200,318
1779032405109,Load Users 1-61,GET /work random mode,200,124
1779032405031,Load Users 1-39,POST /batch mixed tasks,200,205
1779032405198,Load Users 1-13,GET /work random mode,200,47
1779032404494,Load Users 1-88,POST /batch mixed tasks,200,752
1779032404730,Load Users 1-78,GET /work random mode,200,517
1779032404924,Load Users 1-76,POST /batch mixed tasks,200,324
1779032404723,Load Users 1-14,POST /batch mixed tasks,200,534
1779032404943,Load Users 1-23,GET /work random mode,200,325
1779032404777,Load Users 1-54,POST /batch mixed tasks,200,493
1779032405234,Load Users 1-22,GET /work random mode,200,36
1779032405084,Load Users 1-85,POST /batch mixed tasks,200,190
1779032405115,Load Users 1-94,GET /work random mode,200,161
1779032404618,Load Users 1-63,POST /batch mixed tasks,200,659
1779032405107,Load Users 1-52,GET /work random mode,200,173
1779032405057,Load Users 1-28,GET /work random mode,200,229
1779032404939,Load Users 1-72,POST /batch mixed tasks,200,350
1779032404999,Load Users 1-10,POST /batch mixed tasks,200,296
1779032405151,Load Users 1-34,GET /work random mode,200,150
1779032404885,Load Users 1-56,POST /batch mixed tasks,200,422
1779032405306,Load Users 1-59,GET /work random mode,200,2
1779032405266,Load Users 1-29,GET /work random mode,200,49
1779032404989,Load Users 1-53,POST /batch mixed tasks,200,340
1779032405058,Load Users 1-46,GET /work random mode,200,279
1779032405318,Load Users 1-63,GET /work random mode,200,20
1779032405235,Load Users 1-33,POST /batch mixed tasks,200,110
1779032405224,Load Users 1-65,POST /batch mixed tasks,200,141
1779032405037,Load Users 1-24,GET /work random mode,200,335
1779032405175,Load Users 1-3,POST /batch mixed tasks,200,200
1779032404892,Load Users 1-91,POST /batch mixed tasks,200,487
1779032405364,Load Users 1-13,GET /work random mode,200,15
1779032405344,Load Users 1-69,GET /work random mode,200,36
1779032405234,Load Users 1-41,GET /work random mode,200,148
1779032404910,Load Users 1-44,POST /batch mixed tasks,200,475
1779032405295,Load Users 1-76,POST /batch mixed tasks,200,95
1779032404715,Load Users 1-47,GET /work random mode,200,676
1779032405062,Load Users 1-8,GET /work random mode,200,331
1779032404815,Load Users 1-82,POST /batch mixed tasks,200,578
1779032405149,Load Users 1-1,POST /batch mixed tasks,200,245
1779032405354,Load Users 1-93,GET /work random mode,200,41
1779032405030,Load Users 1-68,POST /batch mixed tasks,200,369
1779032404285,Load Users 1-5,POST /batch mixed tasks,200,1120
1779032405197,Load Users 1-92,POST /batch mixed tasks,200,211
1779032404803,Load Users 1-97,GET /work random mode,200,607
1779032404986,Load Users 1-55,POST /batch mixed tasks,200,424
1779032405165,Load Users 1-67,GET /work random mode,200,251
1779032405126,Load Users 1-99,GET /work random mode,200,291
1779032405407,Load Users 1-34,GET /work random mode,200,21
1779032405014,Load Users 1-66,GET /work random mode,200,414
1779032404855,Load Users 1-31,GET /work random mode,200,575
1779032405397,Load Users 1-22,GET /work random mode,200,45
1779032404830,Load Users 1-36,POST /batch mixed tasks,200,615
1779032404349,Load Users 1-77,POST /batch mixed tasks,200,1097
1779032405004,Load Users 1-74,POST /batch mixed tasks,200,442
1779032405087,Load Users 1-32,POST /batch mixed tasks,200,362
1779032404833,Load Users 1-98,GET /work random mode,200,620
1779032405131,Load Users 1-9,POST /batch mixed tasks,200,326
1779032405447,Load Users 1-63,GET /work random mode,200,12
1779032405031,Load Users 1-50,POST /batch mixed tasks,200,430
1779032405328,Load Users 1-78,POST /batch mixed tasks,200,135
1779032404277,Load Users 1-26,GET /work random mode,200,1189
1779032405386,Load Users 1-94,POST /batch mixed tasks,200,92
1779032405036,Load Users 1-70,POST /batch mixed tasks,200,447
1779032405022,Load Users 1-71,POST /batch mixed tasks,200,467
1779032404906,Load Users 1-2,POST /batch mixed tasks,200,585
1779032405090,Load Users 1-95,GET /work random mode,200,403
1779032405067,Load Users 1-100,GET /work random mode,200,430
1779032404747,Load Users 1-48,POST /batch mixed tasks,200,753
1779032405480,Load Users 1-41,GET /work random mode,200,22
1779032405494,Load Users 1-82,GET /work random mode,200,8
1779032405501,Load Users 1-66,GET /work random mode,200,22
1779032404966,Load Users 1-51,POST /batch mixed tasks,200,572
1779032405170,Load Users 1-16,POST /batch mixed tasks,200,378
1779032405240,Load Users 1-87,GET /work random mode,200,309
1779032405262,Load Users 1-7,POST /batch mixed tasks,200,294
1779032404963,Load Users 1-81,GET /work random mode,200,595
1779032404944,Load Users 1-20,GET /work random mode,200,615
1779032405315,Load Users 1-23,GET /work random mode,200,253
1779032405560,Load Users 1-34,GET /work random mode,200,11
1779032405346,Load Users 1-52,GET /work random mode,200,227
1779032405122,Load Users 1-83,GET /work random mode,200,454
1779032405276,Load Users 1-30,GET /work random mode,200,318
1779032405318,Load Users 1-14,POST /batch mixed tasks,200,278
1779032405392,Load Users 1-28,POST /batch mixed tasks,200,206
1779032405343,Load Users 1-85,POST /batch mixed tasks,200,257
1779032405016,Load Users 1-18,POST /batch mixed tasks,200,588
1779032405538,Load Users 1-5,GET /work random mode,200,69
1779032405367,Load Users 1-53,GET /work random mode,200,247
1779032404970,Load Users 1-45,GET /work random mode,200,644
1779032405448,Load Users 1-65,GET /work random mode,200,169
1779032405210,Load Users 1-27,POST /batch mixed tasks,200,411
1779032405369,Load Users 1-54,GET /work random mode,200,257
1779032405315,Load Users 1-86,POST /batch mixed tasks,200,319
1779032405206,Load Users 1-89,POST /batch mixed tasks,200,429
1779032405503,Load Users 1-92,POST /batch mixed tasks,200,136
1779032405295,Load Users 1-88,GET /work random mode,200,355
1779032405544,Load Users 1-50,POST /batch mixed tasks,200,107
1779032405473,Load Users 1-31,GET /work random mode,200,180
1779032405315,Load Users 1-61,POST /batch mixed tasks,200,340
1779032405270,Load Users 1-40,POST /batch mixed tasks,200,396
1779032405380,Load Users 1-56,GET /work random mode,200,294
1779032405673,Load Users 1-86,GET /work random mode,200,4
1779032405505,Load Users 1-1,GET /work random mode,200,176
1779032405325,Load Users 1-72,POST /batch mixed tasks,200,357
1779032405499,Load Users 1-99,POST /batch mixed tasks,200,183
1779032404553,Load Users 1-79,GET /work random mode,200,1140
1779032405229,Load Users 1-6,POST /batch mixed tasks,200,470
1779032405401,Load Users 1-33,POST /batch mixed tasks,200,302
1779032405396,Load Users 1-46,POST /batch mixed tasks,200,308
1779032405687,Load Users 1-88,GET /work random mode,200,22
1779032405608,Load Users 1-26,GET /work random mode,200,106
1779032405418,Load Users 1-69,GET /work random mode,200,297
1779032405611,Load Users 1-23,GET /work random mode,200,106
1779032405142,Load Users 1-17,POST /batch mixed tasks,200,576
1779032405114,Load Users 1-35,GET /work random mode,200,609
1779032405705,Load Users 1-92,GET /work random mode,200,21
1779032405367,Load Users 1-73,POST /batch mixed tasks,200,364
1779032405296,Load Users 1-42,POST /batch mixed tasks,200,437
1779032405184,Load Users 1-60,POST /batch mixed tasks,200,550
1779032404799,Load Users 1-25,GET /work random mode,200,939
1779032404743,Load Users 1-96,POST /batch mixed tasks,200,997
1779032405694,Load Users 1-31,GET /work random mode,200,48
1779032405608,Load Users 1-16,GET /work random mode,200,137
1779032405160,Load Users 1-37,POST /batch mixed tasks,200,586
1779032405259,Load Users 1-58,POST /batch mixed tasks,200,490
1779032405548,Load Users 1-77,GET /work random mode,200,202
1779032405510,Load Users 1-32,GET /work random mode,200,255
1779032405530,Load Users 1-22,POST /batch mixed tasks,200,242
1779032405428,Load Users 1-59,GET /work random mode,200,344
1779032405771,Load Users 1-33,GET /work random mode,200,6
1779032405523,Load Users 1-47,POST /batch mixed tasks,200,263
1779032405150,Load Users 1-12,POST /batch mixed tasks,200,643
1779032405677,Load Users 1-81,POST /batch mixed tasks,200,129
1779032405310,Load Users 1-38,POST /batch mixed tasks,200,497
1779032405491,Load Users 1-24,GET /work random mode,200,316
1779032405610,Load Users 1-41,POST /batch mixed tasks,200,203
1779032405249,Load Users 1-19,GET /work random mode,200,570
1779032405726,Load Users 1-30,GET /work random mode,200,100
1779032405540,Load Users 1-94,GET /work random mode,200,292
1779032405651,Load Users 1-5,GET /work random mode,200,185
1779032405648,Load Users 1-18,GET /work random mode,200,191
1779032405617,Load Users 1-87,GET /work random mode,200,225
1779032405703,Load Users 1-45,GET /work random mode,200,143
1779032405443,Load Users 1-10,POST /batch mixed tasks,200,404
1779032405662,Load Users 1-27,POST /batch mixed tasks,200,185
1779032405169,Load Users 1-21,GET /work random mode,200,679
1779032405641,Load Users 1-52,POST /batch mixed tasks,200,214
1779032405438,Load Users 1-68,GET /work random mode,200,417
1779032405327,Load Users 1-75,POST /batch mixed tasks,200,531
1779032405522,Load Users 1-44,POST /batch mixed tasks,200,337
1779032405715,Load Users 1-50,GET /work random mode,200,150
1779032405099,Load Users 1-15,POST /batch mixed tasks,200,780
1779032405484,Load Users 1-98,GET /work random mode,200,397
1779032405791,Load Users 1-58,POST /batch mixed tasks,200,91
1779032405720,Load Users 1-56,GET /work random mode,200,176
1779032405329,Load Users 1-11,POST /batch mixed tasks,200,570
1779032405543,Load Users 1-2,GET /work random mode,200,365
1779032405813,Load Users 1-26,POST /batch mixed tasks,200,102
1779032405246,Load Users 1-64,GET /work random mode,200,672
1779032405786,Load Users 1-40,POST /batch mixed tasks,200,133
1779032405633,Load Users 1-82,POST /batch mixed tasks,200,289
1779032405832,Load Users 1-33,GET /work random mode,200,92
1779032405879,Load Users 1-25,GET /work random mode,200,45
1779032405822,Load Users 1-60,POST /batch mixed tasks,200,110
1779032405384,Load Users 1-39,POST /batch mixed tasks,200,554
1779032405896,Load Users 1-27,GET /work random mode,200,46
1779032405908,Load Users 1-59,GET /work random mode,200,36
1779032405733,Load Users 1-53,GET /work random mode,200,212
1779032405941,Load Users 1-44,GET /work random mode,200,7
1779032405540,Load Users 1-70,POST /batch mixed tasks,200,410
1779032405819,Load Users 1-42,POST /batch mixed tasks,200,134
1779032405709,Load Users 1-85,POST /batch mixed tasks,200,246
1779032405287,Load Users 1-84,GET /work random mode,200,677
1779032405527,Load Users 1-91,POST /batch mixed tasks,200,437
1779032405326,Load Users 1-43,POST /batch mixed tasks,200,654
1779032405968,Load Users 1-82,GET /work random mode,200,21
1779032405082,Load Users 1-4,GET /work random mode,200,907
1779032405622,Load Users 1-66,POST /batch mixed tasks,200,367
1779032405891,Load Users 1-45,GET /work random mode,200,100
1779032406002,Load Users 1-68,GET /work random mode,200,2
1779032405976,Load Users 1-18,GET /work random mode,200,32
1779032405547,Load Users 1-9,POST /batch mixed tasks,200,464
1779032405201,Load Users 1-80,POST /batch mixed tasks,200,815
1779032405535,Load Users 1-97,GET /work random mode,200,488
1779032405242,Load Users 1-62,POST /batch mixed tasks,200,790
1779032405754,Load Users 1-17,POST /batch mixed tasks,200,288
1779032405915,Load Users 1-21,GET /work random mode,200,133
1779032405607,Load Users 1-51,POST /batch mixed tasks,200,442
1779032405349,Load Users 1-90,POST /batch mixed tasks,200,702
1779032405451,Load Users 1-13,POST /batch mixed tasks,200,611
1779032405931,Load Users 1-58,POST /batch mixed tasks,200,135
1779032405485,Load Users 1-67,POST /batch mixed tasks,200,588
1779032405849,Load Users 1-12,POST /batch mixed tasks,200,224
1779032405476,Load Users 1-74,GET /work random mode,200,600
1779032405262,Load Users 1-57,POST /batch mixed tasks,200,821
1779032405878,Load Users 1-31,GET /work random mode,200,206
1779032405592,Load Users 1-20,POST /batch mixed tasks,200,493
1779032405739,Load Users 1-72,GET /work random mode,200,348
1779032405979,Load Users 1-64,POST /batch mixed tasks,200,110
1779032405845,Load Users 1-23,GET /work random mode,200,251
1779032405888,Load Users 1-87,POST /batch mixed tasks,200,219
1779032405378,Load Users 1-29,POST /batch mixed tasks,200,731
1779032405856,Load Users 1-77,POST /batch mixed tasks,200,254
1779032406068,Load Users 1-25,GET /work random mode,200,45
1779032405743,Load Users 1-65,GET /work random mode,200,372
1779032405725,Load Users 1-14,POST /batch mixed tasks,200,403
1779032405872,Load Users 1-92,GET /work random mode,200,260
1779032405622,Load Users 1-71,GET /work random mode,200,511
1779032405579,Load Users 1-95,GET /work random mode,200,585
1779032405248,Load Users 1-49,POST /batch mixed tasks,200,916
1779032405571,Load Users 1-78,POST /batch mixed tasks,200,599
1779032405863,Load Users 1-35,POST /batch mixed tasks,200,315
1779032406074,Load Users 1-42,GET /work random mode,200,105
1779032406004,Load Users 1-33,POST /batch mixed tasks,200,175
1779032406016,Load Users 1-11,POST /batch mixed tasks,200,170
1779032406069,Load Users 1-85,POST /batch mixed tasks,200,119
1779032405714,Load Users 1-99,POST /batch mixed tasks,200,480
1779032405783,Load Users 1-96,POST /batch mixed tasks,200,414
1779032405847,Load Users 1-47,POST /batch mixed tasks,200,355
1779032405757,Load Users 1-79,POST /batch mixed tasks,200,450
1779032405670,Load Users 1-34,GET /work random mode,200,538
1779032405531,Load Users 1-55,GET /work random mode,200,678
1779032405991,Load Users 1-75,GET /work random mode,200,221
1779032406182,Load Users 1-74,GET /work random mode,200,32
1779032406165,Load Users 1-64,GET /work random mode,200,50
1779032405833,Load Users 1-69,POST /batch mixed tasks,200,387
1779032406165,Load Users 1-23,GET /work random mode,200,55
1779032406168,Load Users 1-17,GET /work random mode,200,54
1779032406166,Load Users 1-20,GET /work random mode,200,57
1779032406134,Load Users 1-13,GET /work random mode,200,90
1779032405946,Load Users 1-81,POST /batch mixed tasks,200,279
1779032406065,Load Users 1-97,POST /batch mixed tasks,200,163
1779032405945,Load Users 1-41,GET /work random mode,200,285
1779032406178,Load Users 1-87,GET /work random mode,200,52
1779032405822,Load Users 1-88,POST /batch mixed tasks,200,410
1779032405918,Load Users 1-52,POST /batch mixed tasks,200,320
1779032405792,Load Users 1-37,GET /work random mode,200,459
1779032406002,Load Users 1-40,GET /work random mode,200,256
1779032405541,Load Users 1-48,POST /batch mixed tasks,200,730
1779032406188,Load Users 1-67,POST /batch mixed tasks,200,89
1779032406269,Load Users 1-55,GET /work random mode,200,9
1779032405877,Load Users 1-22,GET /work random mode,200,405
1779032405885,Load Users 1-32,POST /batch mixed tasks,200,400
1779032406017,Load Users 1-53,POST /batch mixed tasks,200,268
1779032405938,Load Users 1-15,POST /batch mixed tasks,200,347
1779032405725,Load Users 1-61,GET /work random mode,200,568
1779032405450,Load Users 1-8,POST /batch mixed tasks,200,849
1779032406271,Load Users 1-52,GET /work random mode,200,37
1779032405561,Load Users 1-36,POST /batch mixed tasks,200,749
1779032405497,Load Users 1-3,POST /batch mixed tasks,200,817
1779032406287,Load Users 1-85,POST /batch mixed tasks,200,31
1779032405746,Load Users 1-28,POST /batch mixed tasks,200,573
1779032406065,Load Users 1-82,POST /batch mixed tasks,200,257
1779032406033,Load Users 1-27,POST /batch mixed tasks,200,298
1779032406023,Load Users 1-45,POST /batch mixed tasks,200,318
1779032406072,Load Users 1-68,POST /batch mixed tasks,200,270
1779032406330,Load Users 1-13,GET /work random mode,200,13
1779032405751,Load Users 1-89,POST /batch mixed tasks,200,602
1779032405872,Load Users 1-73,GET /work random mode,200,483
1779032406164,Load Users 1-51,POST /batch mixed tasks,200,196
1779032406179,Load Users 1-14,GET /work random mode,200,181
1779032406204,Load Users 1-31,GET /work random mode,200,157
1779032405507,Load Users 1-76,POST /batch mixed tasks,200,854
1779032406097,Load Users 1-43,GET /work random mode,200,267
1779032405980,Load Users 1-60,POST /batch mixed tasks,200,389
1779032406123,Load Users 1-72,POST /batch mixed tasks,200,256
1779032406376,Load Users 1-45,GET /work random mode,200,8
1779032405896,Load Users 1-30,POST /batch mixed tasks,200,491
1779032405872,Load Users 1-16,POST /batch mixed tasks,200,525
1779032406212,Load Users 1-42,GET /work random mode,200,188
1779032406062,Load Users 1-84,POST /batch mixed tasks,200,338
1779032406223,Load Users 1-92,POST /batch mixed tasks,200,183
1779032406090,Load Users 1-44,POST /batch mixed tasks,200,321
1779032405741,Load Users 1-1,GET /work random mode,200,674
1779032406308,Load Users 1-20,GET /work random mode,200,107
1779032406108,Load Users 1-91,GET /work random mode,200,307
1779032406076,Load Users 1-9,POST /batch mixed tasks,200,347
1779032406316,Load Users 1-32,POST /batch mixed tasks,200,109
1779032405684,Load Users 1-54,GET /work random mode,200,744
1779032406112,Load Users 1-90,POST /batch mixed tasks,200,321
1779032406408,Load Users 1-31,POST /batch mixed tasks,200,27
1779032405874,Load Users 1-5,GET /work random mode,200,563
1779032405945,Load Users 1-94,POST /batch mixed tasks,200,493
1779032406220,Load Users 1-57,GET /work random mode,200,228
1779032406266,Load Users 1-35,GET /work random mode,200,186
1779032406102,Load Users 1-62,GET /work random mode,200,351
1779032406029,Load Users 1-26,POST /batch mixed tasks,200,434
1779032406122,Load Users 1-18,GET /work random mode,200,351
1779032406408,Load Users 1-61,GET /work random mode,200,69
1779032406430,Load Users 1-15,GET /work random mode,200,48
1779032406010,Load Users 1-39,POST /batch mixed tasks,200,470
1779032405893,Load Users 1-24,POST /batch mixed tasks,200,588
1779032406359,Load Users 1-69,GET /work random mode,200,124
1779032405562,Load Users 1-100,GET /work random mode,200,922
1779032406485,Load Users 1-94,GET /work random mode,200,13
1779032406088,Load Users 1-21,POST /batch mixed tasks,200,410
1779032405804,Load Users 1-6,POST /batch mixed tasks,200,696
1779032406135,Load Users 1-80,POST /batch mixed tasks,200,368
1779032406332,Load Users 1-47,POST /batch mixed tasks,200,172
1779032406341,Load Users 1-74,GET /work random mode,200,170
1779032406008,Load Users 1-98,POST /batch mixed tasks,200,506
1779032406309,Load Users 1-87,POST /batch mixed tasks,200,205
1779032405968,Load Users 1-50,POST /batch mixed tasks,200,547
1779032406349,Load Users 1-17,GET /work random mode,200,179
1779032406417,Load Users 1-53,GET /work random mode,200,111
1779032406434,Load Users 1-89,GET /work random mode,200,102
1779032406172,Load Users 1-25,POST /batch mixed tasks,200,373
1779032406423,Load Users 1-28,GET /work random mode,200,125
1779032406313,Load Users 1-34,POST /batch mixed tasks,200,239
1779032406416,Load Users 1-60,POST /batch mixed tasks,200,141
1779032406397,Load Users 1-82,POST /batch mixed tasks,200,164
1779032405582,Load Users 1-63,POST /batch mixed tasks,200,983
1779032406525,Load Users 1-5,GET /work random mode,200,47
1779032406322,Load Users 1-48,GET /work random mode,200,250
1779032406255,Load Users 1-11,POST /batch mixed tasks,200,327
1779032406238,Load Users 1-65,POST /batch mixed tasks,200,345
1779032406194,Load Users 1-12,POST /batch mixed tasks,200,390
1779032406049,Load Users 1-4,POST /batch mixed tasks,200,535
1779032406443,Load Users 1-92,GET /work random mode,200,147
1779032406469,Load Users 1-32,GET /work random mode,200,121
1779032406306,Load Users 1-23,POST /batch mixed tasks,200,284
1779032406391,Load Users 1-85,POST /batch mixed tasks,200,201
1779032406583,Load Users 1-53,GET /work random mode,200,9
1779032406469,Load Users 1-1,GET /work random mode,200,129
1779032406344,Load Users 1-36,POST /batch mixed tasks,200,257
1779032406595,Load Users 1-69,GET /work random mode,200,10
1779032406000,Load Users 1-56,POST /batch mixed tasks,200,608
1779032406523,Load Users 1-30,GET /work random mode,200,86
1779032405597,Load Users 1-7,POST /batch mixed tasks,200,1021
1779032406414,Load Users 1-67,POST /batch mixed tasks,200,204
1779032405915,Load Users 1-38,POST /batch mixed tasks,200,710
1779032406289,Load Users 1-78,POST /batch mixed tasks,200,337
1779032406319,Load Users 1-40,POST /batch mixed tasks,200,320
1779032406455,Load Users 1-9,GET /work random mode,200,184
1779032405914,Load Users 1-19,POST /batch mixed tasks,200,726
1779032406423,Load Users 1-13,GET /work random mode,200,218
1779032406471,Load Users 1-20,GET /work random mode,200,171
1779032406376,Load Users 1-52,GET /work random mode,200,273
1779032406209,Load Users 1-71,POST /batch mixed tasks,200,441
1779032406500,Load Users 1-57,POST /batch mixed tasks,200,155
1779032406608,Load Users 1-6,GET /work random mode,200,47
1779032406344,Load Users 1-22,GET /work random mode,200,321
1779032406571,Load Users 1-18,GET /work random mode,200,101
1779032406668,Load Users 1-28,GET /work random mode,200,18
1779032406673,Load Users 1-34,GET /work random mode,200,13
1779032405526,Load Users 1-93,POST /batch mixed tasks,200,1161
1779032406624,Load Users 1-100,POST /batch mixed tasks,200,68
1779032406266,Load Users 1-88,POST /batch mixed tasks,200,428
1779032406444,Load Users 1-72,POST /batch mixed tasks,200,254
1779032406674,Load Users 1-48,GET /work random mode,200,25
1779032406647,Load Users 1-56,GET /work random mode,200,57
1779032406580,Load Users 1-61,GET /work random mode,200,125
1779032406479,Load Users 1-14,POST /batch mixed tasks,200,233
1779032406355,Load Users 1-97,POST /batch mixed tasks,200,357
1779032406209,Load Users 1-95,POST /batch mixed tasks,200,517
1779032406343,Load Users 1-64,POST /batch mixed tasks,200,383
1779032406602,Load Users 1-62,POST /batch mixed tasks,200,131
1779032406514,Load Users 1-15,POST /batch mixed tasks,200,223
1779032406482,Load Users 1-76,POST /batch mixed tasks,200,257
1779032406601,Load Users 1-82,GET /work random mode,200,143
1779032406215,Load Users 1-33,POST /batch mixed tasks,200,532
1779032406540,Load Users 1-44,GET /work random mode,200,208
1779032406244,Load Users 1-77,POST /batch mixed tasks,200,516
1779032406413,Load Users 1-3,POST /batch mixed tasks,200,352
1779032406455,Load Users 1-73,POST /batch mixed tasks,200,316
1779032406683,Load Users 1-89,GET /work random mode,200,90
1779032406565,Load Users 1-17,GET /work random mode,200,208
1779032406752,Load Users 1-56,GET /work random mode,200,23
1779032406558,Load Users 1-31,GET /work random mode,200,219
1779032406710,Load Users 1-18,GET /work random mode,200,69
1779032406526,Load Users 1-24,POST /batch mixed tasks,200,254
1779032406728,Load Users 1-13,GET /work random mode,200,55
1779032406772,Load Users 1-52,GET /work random mode,200,20
1779032406779,Load Users 1-19,GET /work random mode,200,15
1779032406670,Load Users 1-53,GET /work random mode,200,127
1779032406706,Load Users 1-85,GET /work random mode,200,92
1779032406559,Load Users 1-87,GET /work random mode,200,240
1779032406645,Load Users 1-60,GET /work random mode,200,154
1779032406797,Load Users 1-72,GET /work random mode,200,3
1779032406426,Load Users 1-55,GET /work random mode,200,377
1779032406797,Load Users 1-64,GET /work random mode,200,6
1779032405745,Load Users 1-46,POST /batch mixed tasks,200,1059
1779032406511,Load Users 1-39,GET /work random mode,200,293
1779032406306,Load Users 1-99,POST /batch mixed tasks,200,508
1779032406807,Load Users 1-22,GET /work random mode,200,9
1779032406592,Load Users 1-98,POST /batch mixed tasks,200,225
1779032406535,Load Users 1-54,GET /work random mode,200,285
1779032406656,Load Users 1-92,GET /work random mode,200,176
1779032406815,Load Users 1-62,GET /work random mode,200,22
1779032406775,Load Users 1-6,GET /work random mode,200,63
1779032405618,Load Users 1-83,POST /batch mixed tasks,200,1221
1779032406617,Load Users 1-63,POST /batch mixed tasks,200,224
1779032406546,Load Users 1-16,POST /batch mixed tasks,200,302
1779032406735,Load Users 1-30,GET /work random mode,200,115
1779032406676,Load Users 1-36,POST /batch mixed tasks,200,178
1779032406765,Load Users 1-57,GET /work random mode,200,92
1779032406752,Load Users 1-20,POST /batch mixed tasks,200,106
1779032406751,Load Users 1-9,GET /work random mode,200,109
1779032406616,Load Users 1-65,POST /batch mixed tasks,200,246
1779032406538,Load Users 1-42,GET /work random mode,200,326
1779032406425,Load Users 1-27,GET /work random mode,200,442
1779032406403,Load Users 1-68,POST /batch mixed tasks,200,465
1779032406817,Load Users 1-24,GET /work random mode,200,52
1779032406657,Load Users 1-50,GET /work random mode,200,213
1779032406205,Load Users 1-29,POST /batch mixed tasks,200,668
1779032406742,Load Users 1-71,POST /batch mixed tasks,200,132
1779032406789,Load Users 1-33,GET /work random mode,200,87
1779032406841,Load Users 1-87,GET /work random mode,200,43
1779032406663,Load Users 1-5,GET /work random mode,200,225
1779032406873,Load Users 1-18,GET /work random mode,200,15
1779032406829,Load Users 1-14,GET /work random mode,200,60
1779032406864,Load Users 1-31,GET /work random mode,200,25
1779032406781,Load Users 1-100,GET /work random mode,200,109
1779032406635,Load Users 1-47,POST /batch mixed tasks,200,259
1779032406847,Load Users 1-15,POST /batch mixed tasks,200,50
1779032405965,Load Users 1-10,POST /batch mixed tasks,200,934
1779032406898,Load Users 1-19,GET /work random mode,200,3
1779032406545,Load Users 1-21,POST /batch mixed tasks,200,362
1779032406782,Load Users 1-76,GET /work random mode,200,130
1779032406840,Load Users 1-44,POST /batch mixed tasks,200,81
1779032406931,Load Users 1-30,GET /work random mode,200,3
1779032406511,Load Users 1-35,POST /batch mixed tasks,200,425
1779032406733,Load Users 1-23,GET /work random mode,200,207
1779032406645,Load Users 1-25,GET /work random mode,200,296
1779032406848,Load Users 1-22,GET /work random mode,200,95
1779032406728,Load Users 1-67,POST /batch mixed tasks,200,220
1779032406919,Load Users 1-57,GET /work random mode,200,38
1779032406397,Load Users 1-37,GET /work random mode,200,561
1779032406105,Load Users 1-66,POST /batch mixed tasks,200,853
1779032406816,Load Users 1-13,POST /batch mixed tasks,200,161
1779032406510,Load Users 1-45,GET /work random mode,200,475
1779032406891,Load Users 1-72,POST /batch mixed tasks,200,96
1779032406213,Load Users 1-49,GET /work random mode,200,776
1779032406903,Load Users 1-99,POST /batch mixed tasks,200,86
1779032406710,Load Users 1-11,GET /work random mode,200,281
1779032406615,Load Users 1-80,GET /work random mode,200,379
1779032406004,Load Users 1-59,POST /batch mixed tasks,200,991
1779032406976,Load Users 1-47,GET /work random mode,200,19
1779032406419,Load Users 1-8,GET /work random mode,200,578
1779032406975,Load Users 1-62,GET /work random mode,200,23
1779032406930,Load Users 1-10,GET /work random mode,200,77
1779032405756,Load Users 1-86,POST /batch mixed tasks,200,1255
1779032406488,Load Users 1-51,POST /batch mixed tasks,200,528
1779032406897,Load Users 1-98,GET /work random mode,200,122
1779032406334,Load Users 1-79,POST /batch mixed tasks,200,698
1779032406892,Load Users 1-73,POST /batch mixed tasks,200,140
1779032406715,Load Users 1-7,POST /batch mixed tasks,200,319
1779032406866,Load Users 1-55,GET /work random mode,200,168
1779032407016,Load Users 1-29,GET /work random mode,200,21
1779032406545,Load Users 1-74,POST /batch mixed tasks,200,493
1779032406925,Load Users 1-39,POST /batch mixed tasks,200,114
1779032406776,Load Users 1-61,GET /work random mode,200,264
1779032406928,Load Users 1-6,POST /batch mixed tasks,200,118
1779032406833,Load Users 1-95,GET /work random mode,200,213
1779032407025,Load Users 1-21,GET /work random mode,200,22
1779032407012,Load Users 1-67,GET /work random mode,200,42
1779032406894,Load Users 1-60,GET /work random mode,200,167
1779032406948,Load Users 1-14,POST /batch mixed tasks,200,122
1779032406863,Load Users 1-3,GET /work random mode,200,208
1779032406734,Load Users 1-32,POST /batch mixed tasks,200,337
1779032406988,Load Users 1-87,GET /work random mode,200,83
1779032406811,Load Users 1-89,POST /batch mixed tasks,200,272
1779032406937,Load Users 1-36,GET /work random mode,200,147
1779032406335,Load Users 1-81,GET /work random mode,200,754
1779032406932,Load Users 1-5,POST /batch mixed tasks,200,158
1779032407087,Load Users 1-10,GET /work random mode,200,4
1779032407090,Load Users 1-39,GET /work random mode,200,12
1779032406746,Load Users 1-69,POST /batch mixed tasks,200,369
1779032406179,Load Users 1-58,GET /work random mode,200,941
1779032406921,Load Users 1-56,GET /work random mode,200,205
1779032407095,Load Users 1-57,GET /work random mode,200,33
1779032407047,Load Users 1-44,GET /work random mode,200,87
1779032406673,Load Users 1-40,POST /batch mixed tasks,200,465
1779032406855,Load Users 1-77,POST /batch mixed tasks,200,285
1779032407005,Load Users 1-30,POST /batch mixed tasks,200,140
1779032406341,Load Users 1-41,POST /batch mixed tasks,200,806
1779032406934,Load Users 1-18,POST /batch mixed tasks,200,217
1779032406741,Load Users 1-28,POST /batch mixed tasks,200,413
1779032407028,Load Users 1-15,GET /work random mode,200,127
1779032406741,Load Users 1-34,POST /batch mixed tasks,200,416
1779032406251,Load Users 1-75,POST /batch mixed tasks,200,908
1779032406976,Load Users 1-27,POST /batch mixed tasks,200,185
1779032406937,Load Users 1-54,POST /batch mixed tasks,200,226
1779032406901,Load Users 1-46,POST /batch mixed tasks,200,275
1779032406621,Load Users 1-94,POST /batch mixed tasks,200,559
1779032407069,Load Users 1-98,POST /batch mixed tasks,200,114
1779032407099,Load Users 1-8,GET /work random mode,200,87
1779032406988,Load Users 1-24,GET /work random mode,200,200
1779032406738,Load Users 1-48,GET /work random mode,200,451
1779032407192,Load Users 1-5,GET /work random mode,200,3
1779032407136,Load Users 1-61,GET /work random mode,200,64
1779032406900,Load Users 1-20,POST /batch mixed tasks,200,302
1779032407174,Load Users 1-55,GET /work random mode,200,42
1779032406538,Load Users 1-90,GET /work random mode,200,678
1779032406935,Load Users 1-85,GET /work random mode,200,284
1779032406844,Load Users 1-52,POST /batch mixed tasks,200,375
1779032407220,Load Users 1-28,GET /work random mode,200,2
1779032407046,Load Users 1-19,POST /batch mixed tasks,200,180
1779032406426,Load Users 1-43,POST /batch mixed tasks,200,801
1779032406952,Load Users 1-31,GET /work random mode,200,276
1779032407059,Load Users 1-47,GET /work random mode,200,172
1779032405957,Load Users 1-2,POST /batch mixed tasks,200,1276
1779032407061,Load Users 1-37,GET /work random mode,200,175
1779032407068,Load Users 1-11,POST /batch mixed tasks,200,169
1779032406763,Load Users 1-38,POST /batch mixed tasks,200,483
1779032406547,Load Users 1-84,GET /work random mode,200,699
1779032406043,Load Users 1-70,POST /batch mixed tasks,200,1207
1779032407100,Load Users 1-74,GET /work random mode,200,151
1779032407258,Load Users 1-5,GET /work random mode,200,8
1779032407244,Load Users 1-61,GET /work random mode,200,29
1779032406751,Load Users 1-97,POST /batch mixed tasks,200,524
1779032406892,Load Users 1-16,POST /batch mixed tasks,200,386
1779032407087,Load Users 1-79,POST /batch mixed tasks,200,196
1779032407150,Load Users 1-81,GET /work random mode,200,135
1779032407132,Load Users 1-3,GET /work random mode,200,159
1779032407084,Load Users 1-21,POST /batch mixed tasks,200,216
1779032407130,Load Users 1-49,POST /batch mixed tasks,200,179
1779032406901,Load Users 1-50,POST /batch mixed tasks,200,415
1779032406906,Load Users 1-17,POST /batch mixed tasks,200,418
1779032407103,Load Users 1-72,POST /batch mixed tasks,200,228
1779032406772,Load Users 1-78,POST /batch mixed tasks,200,560
1779032407024,Load Users 1-23,POST /batch mixed tasks,200,308
1779032406927,Load Users 1-9,POST /batch mixed tasks,200,406
1779032407051,Load Users 1-80,POST /batch mixed tasks,200,285
1779032406935,Load Users 1-92,POST /batch mixed tasks,200,410
1779032407245,Load Users 1-34,POST /batch mixed tasks,200,103
1779032407120,Load Users 1-95,POST /batch mixed tasks,200,239
1779032407054,Load Users 1-66,GET /work random mode,200,307
1779032407072,Load Users 1-25,GET /work random mode,200,291
1779032406646,Load Users 1-4,GET /work random mode,200,722
1779032406746,Load Users 1-1,GET /work random mode,200,635
1779032407305,Load Users 1-98,GET /work random mode,200,82
1779032407200,Load Users 1-27,POST /batch mixed tasks,200,192
1779032407262,Load Users 1-24,POST /batch mixed tasks,200,133
1779032407350,Load Users 1-20,GET /work random mode,200,76
1779032407258,Load Users 1-41,GET /work random mode,200,172
1779032407376,Load Users 1-2,GET /work random mode,200,57
1779032407427,Load Users 1-34,GET /work random mode,200,13
1779032406738,Load Users 1-88,GET /work random mode,200,707
1779032407017,Load Users 1-68,GET /work random mode,200,430
1779032407191,Load Users 1-14,POST /batch mixed tasks,200,256
1779032407301,Load Users 1-90,GET /work random mode,200,149
1779032407326,Load Users 1-8,GET /work random mode,200,126
1779032407255,Load Users 1-30,POST /batch mixed tasks,200,206
1779032407076,Load Users 1-73,POST /batch mixed tasks,200,389
1779032407022,Load Users 1-13,POST /batch mixed tasks,200,445
1779032407154,Load Users 1-39,POST /batch mixed tasks,200,315
1779032407351,Load Users 1-70,GET /work random mode,200,118
1779032406951,Load Users 1-71,POST /batch mixed tasks,200,520
1779032407188,Load Users 1-18,GET /work random mode,200,285
1779032407440,Load Users 1-25,GET /work random mode,200,34
1779032406832,Load Users 1-93,POST /batch mixed tasks,200,642
1779032407095,Load Users 1-62,GET /work random mode,200,380
1779032407319,Load Users 1-38,GET /work random mode,200,164
1779032406936,Load Users 1-64,POST /batch mixed tasks,200,549
1779032407289,Load Users 1-94,GET /work random mode,200,197
1779032407171,Load Users 1-60,POST /batch mixed tasks,200,315
1779032407339,Load Users 1-81,GET /work random mode,200,149
1779032406965,Load Users 1-65,POST /batch mixed tasks,200,535
1779032407145,Load Users 1-7,POST /batch mixed tasks,200,356
1779032406962,Load Users 1-100,POST /batch mixed tasks,200,557
1779032407173,Load Users 1-58,POST /batch mixed tasks,200,347
1779032407156,Load Users 1-29,POST /batch mixed tasks,200,374
1779032407209,Load Users 1-89,GET /work random mode,200,322
1779032407428,Load Users 1-23,GET /work random mode,200,103
1779032406709,Load Users 1-12,GET /work random mode,200,828
1779032407454,Load Users 1-24,GET /work random mode,200,88
1779032407431,Load Users 1-98,GET /work random mode,200,112
1779032407308,Load Users 1-84,GET /work random mode,200,236
1779032407536,Load Users 1-14,GET /work random mode,200,13
1779032407183,Load Users 1-6,POST /batch mixed tasks,200,375
1779032407252,Load Users 1-54,POST /batch mixed tasks,200,310
1779032407290,Load Users 1-28,POST /batch mixed tasks,200,280
1779032407208,Load Users 1-36,POST /batch mixed tasks,200,365
1779032407564,Load Users 1-81,GET /work random mode,200,16
1779032407365,Load Users 1-43,GET /work random mode,200,215
1779032407116,Load Users 1-86,GET /work random mode,200,481
1779032406876,Load Users 1-82,POST /batch mixed tasks,200,721
1779032406963,Load Users 1-76,POST /batch mixed tasks,200,645
1779032407234,Load Users 1-57,POST /batch mixed tasks,200,391
1779032407327,Load Users 1-74,POST /batch mixed tasks,200,304
1779032407620,Load Users 1-84,GET /work random mode,200,16
1779032407202,Load Users 1-10,POST /batch mixed tasks,200,440
1779032407486,Load Users 1-90,POST /batch mixed tasks,200,164
1779032407187,Load Users 1-32,GET /work random mode,200,467
1779032407496,Load Users 1-30,GET /work random mode,200,160
1779032407019,Load Users 1-33,GET /work random mode,200,640
1779032407224,Load Users 1-40,GET /work random mode,200,439
1779032406340,Load Users 1-96,GET /work random mode,200,1327
1779032407198,Load Users 1-77,POST /batch mixed tasks,200,470
1779032406529,Load Users 1-26,GET /work random mode,200,1142
1779032407477,Load Users 1-20,GET /work random mode,200,197
1779032407341,Load Users 1-19,POST /batch mixed tasks,200,339
1779032407511,Load Users 1-39,POST /batch mixed tasks,200,174
1779032406828,Load Users 1-53,GET /work random mode,200,858
1779032407250,Load Users 1-75,POST /batch mixed tasks,200,438
1779032407274,Load Users 1-85,POST /batch mixed tasks,200,414
1779032407405,Load Users 1-9,POST /batch mixed tasks,200,285
1779032407185,Load Users 1-87,POST /batch mixed tasks,200,517
1779032407289,Load Users 1-11,POST /batch mixed tasks,200,414
1779032407492,Load Users 1-1,GET /work random mode,200,229
1779032407351,Load Users 1-50,POST /batch mixed tasks,200,373
1779032407567,Load Users 1-34,POST /batch mixed tasks,200,160
1779032406943,Load Users 1-42,POST /batch mixed tasks,200,788
1779032407046,Load Users 1-99,POST /batch mixed tasks,200,687
1779032406498,Load Users 1-91,POST /batch mixed tasks,200,1235
1779032407165,Load Users 1-51,POST /batch mixed tasks,200,576
1779032407223,Load Users 1-46,POST /batch mixed tasks,200,518
1779032407180,Load Users 1-67,GET /work random mode,200,562
1779032407433,Load Users 1-49,POST /batch mixed tasks,200,312
1779032407369,Load Users 1-37,POST /batch mixed tasks,200,380
1779032407661,Load Users 1-76,POST /batch mixed tasks,200,92
1779032407527,Load Users 1-88,GET /work random mode,200,228
1779032407739,Load Users 1-84,GET /work random mode,200,16
1779032407433,Load Users 1-92,GET /work random mode,200,322
1779032407502,Load Users 1-2,POST /batch mixed tasks,200,255
1779032407620,Load Users 1-24,GET /work random mode,200,137
1779032406956,Load Users 1-83,POST /batch mixed tasks,200,802
1779032407457,Load Users 1-78,POST /batch mixed tasks,200,302
1779032407769,Load Users 1-39,GET /work random mode,200,3
1779032406958,Load Users 1-63,POST /batch mixed tasks,200,816
1779032407759,Load Users 1-1,GET /work random mode,200,16
1779032407351,Load Users 1-16,POST /batch mixed tasks,200,429
1779032407352,Load Users 1-79,POST /batch mixed tasks,200,435
1779032407518,Load Users 1-62,GET /work random mode,200,272
1779032407346,Load Users 1-31,POST /batch mixed tasks,200,446
1779032407133,Load Users 1-59,POST /batch mixed tasks,200,672
1779032407523,Load Users 1-73,POST /batch mixed tasks,200,282
1779032407786,Load Users 1-99,GET /work random mode,200,19
1779032407766,Load Users 1-26,GET /work random mode,200,47
1779032407723,Load Users 1-96,GET /work random mode,200,92
1779032407570,Load Users 1-38,POST /batch mixed tasks,200,246
1779032407799,Load Users 1-92,GET /work random mode,200,27
1779032407820,Load Users 1-53,GET /work random mode,200,12
1779032407642,Load Users 1-81,POST /batch mixed tasks,200,190
1779032407539,Load Users 1-68,POST /batch mixed tasks,200,302
1779032407746,Load Users 1-85,GET /work random mode,200,101
1779032407619,Load Users 1-12,POST /batch mixed tasks,200,228
1779032407821,Load Users 1-24,GET /work random mode,200,26
1779032407166,Load Users 1-56,POST /batch mixed tasks,200,687
1779032407798,Load Users 1-11,GET /work random mode,200,56
1779032407071,Load Users 1-22,POST /batch mixed tasks,200,788
1779032407689,Load Users 1-54,POST /batch mixed tasks,200,172
1779032406993,Load Users 1-35,POST /batch mixed tasks,200,874
1779032407379,Load Users 1-5,POST /batch mixed tasks,200,489
1779032407649,Load Users 1-23,POST /batch mixed tasks,200,219
1779032407051,Load Users 1-45,POST /batch mixed tasks,200,820
1779032407452,Load Users 1-66,GET /work random mode,200,421
1779032407846,Load Users 1-76,GET /work random mode,200,27
1779032407726,Load Users 1-30,GET /work random mode,200,150
1779032407684,Load Users 1-32,POST /batch mixed tasks,200,194
1779032407791,Load Users 1-2,POST /batch mixed tasks,200,94
1779032407462,Load Users 1-80,POST /batch mixed tasks,200,433
1779032407470,Load Users 1-95,POST /batch mixed tasks,200,428
1779032407661,Load Users 1-6,POST /batch mixed tasks,200,237
1779032407644,Load Users 1-98,GET /work random mode,200,257
1779032407589,Load Users 1-100,GET /work random mode,200,313
1779032407877,Load Users 1-67,GET /work random mode,200,27
1779032407867,Load Users 1-99,GET /work random mode,200,37
1779032407735,Load Users 1-10,GET /work random mode,200,173
1779032407814,Load Users 1-34,POST /batch mixed tasks,200,99
1779032407652,Load Users 1-82,POST /batch mixed tasks,200,262
1779032407611,Load Users 1-89,POST /batch mixed tasks,200,310
1779032407264,Load Users 1-52,POST /batch mixed tasks,200,667
1779032407253,Load Users 1-15,POST /batch mixed tasks,200,682
1779032407426,Load Users 1-17,GET /work random mode,200,515
1779032407946,Load Users 1-99,GET /work random mode,200,3
1779032407554,Load Users 1-25,GET /work random mode,200,400
1779032407393,Load Users 1-3,GET /work random mode,200,566
1779032407881,Load Users 1-16,GET /work random mode,200,79
1779032407621,Load Users 1-29,GET /work random mode,200,340
1779032407502,Load Users 1-4,POST /batch mixed tasks,200,460
1779032407551,Load Users 1-58,POST /batch mixed tasks,200,413
1779032407596,Load Users 1-18,GET /work random mode,200,370
1779032407286,Load Users 1-48,POST /batch mixed tasks,200,687
1779032407211,Load Users 1-69,POST /batch mixed tasks,200,776
1779032407976,Load Users 1-30,GET /work random mode,200,20
1779032407968,Load Users 1-85,GET /work random mode,200,30
1779032407588,Load Users 1-60,POST /batch mixed tasks,200,410
1779032407791,Load Users 1-77,POST /batch mixed tasks,200,212
1779032407975,Load Users 1-68,GET /work random mode,200,29
1779032407989,Load Users 1-99,GET /work random mode,200,23
1779032407864,Load Users 1-37,GET /work random mode,200,151
1779032407727,Load Users 1-57,GET /work random mode,200,295
1779032407845,Load Users 1-83,GET /work random mode,200,178
1779032407988,Load Users 1-12,GET /work random mode,200,50
1779032408000,Load Users 1-16,GET /work random mode,200,41
1779032407951,Load Users 1-82,POST /batch mixed tasks,200,102
1779032407883,Load Users 1-49,GET /work random mode,200,171
1779032407688,Load Users 1-28,POST /batch mixed tasks,200,371
1779032407945,Load Users 1-95,POST /batch mixed tasks,200,115
1779032407687,Load Users 1-43,GET /work random mode,200,374
1779032407849,Load Users 1-50,POST /batch mixed tasks,200,214
1779032407869,Load Users 1-1,POST /batch mixed tasks,200,207
1779032407548,Load Users 1-64,POST /batch mixed tasks,200,535
1779032407774,Load Users 1-74,POST /batch mixed tasks,200,312
1779032407919,Load Users 1-81,GET /work random mode,200,167
1779032407812,Load Users 1-19,POST /batch mixed tasks,200,276
1779032407745,Load Users 1-87,GET /work random mode,200,349
1779032407643,Load Users 1-86,POST /batch mixed tasks,200,454
1779032407542,Load Users 1-8,POST /batch mixed tasks,200,555
1779032408087,Load Users 1-48,GET /work random mode,200,12
1779032408098,Load Users 1-69,GET /work random mode,200,2
1779032407360,Load Users 1-47,POST /batch mixed tasks,200,750
1779032408047,Load Users 1-34,GET /work random mode,200,65
1779032407771,Load Users 1-20,GET /work random mode,200,348
1779032407615,Load Users 1-94,POST /batch mixed tasks,200,510
1779032408044,Load Users 1-15,POST /batch mixed tasks,200,93
1779032407744,Load Users 1-33,POST /batch mixed tasks,200,399
1779032407332,Load Users 1-55,POST /batch mixed tasks,200,819
1779032407803,Load Users 1-75,GET /work random mode,200,348
1779032408037,Load Users 1-85,GET /work random mode,200,119
1779032407518,Load Users 1-93,GET /work random mode,200,639
1779032407494,Load Users 1-41,GET /work random mode,200,664
1779032407167,Load Users 1-44,POST /batch mixed tasks,200,994
1779032407820,Load Users 1-39,GET /work random mode,200,347
1779032407972,Load Users 1-23,GET /work random mode,200,200
1779032407798,Load Users 1-40,POST /batch mixed tasks,200,381
1779032407890,Load Users 1-79,POST /batch mixed tasks,200,293
1779032407900,Load Users 1-11,GET /work random mode,200,287
1779032408167,Load Users 1-86,GET /work random mode,200,21
1779032407994,Load Users 1-80,POST /batch mixed tasks,200,199
1779032408187,Load Users 1-15,GET /work random mode,200,9
1779032407399,Load Users 1-21,POST /batch mixed tasks,200,797
1779032408091,Load Users 1-16,GET /work random mode,200,114
1779032408196,Load Users 1-28,GET /work random mode,200,19
1779032407657,Load Users 1-14,GET /work random mode,200,558
1779032407849,Load Users 1-62,GET /work random mode,200,368
1779032407853,Load Users 1-84,POST /batch mixed tasks,200,372
1779032408015,Load Users 1-4,POST /batch mixed tasks,200,217
1779032407957,Load Users 1-26,POST /batch mixed tasks,200,284
1779032408188,Load Users 1-50,GET /work random mode,200,59
1779032407860,Load Users 1-73,GET /work random mode,200,388
1779032407803,Load Users 1-46,POST /batch mixed tasks,200,448
1779032407976,Load Users 1-10,GET /work random mode,200,278
1779032407893,Load Users 1-63,POST /batch mixed tasks,200,372
1779032407564,Load Users 1-65,POST /batch mixed tasks,200,706
1779032407895,Load Users 1-78,GET /work random mode,200,376
1779032408213,Load Users 1-87,GET /work random mode,200,70
1779032407665,Load Users 1-36,GET /work random mode,200,623
1779032408048,Load Users 1-3,POST /batch mixed tasks,200,240
1779032408128,Load Users 1-83,POST /batch mixed tasks,200,167
1779032408003,Load Users 1-76,GET /work random mode,200,294
1779032408125,Load Users 1-82,POST /batch mixed tasks,200,181
1779032407827,Load Users 1-42,POST /batch mixed tasks,200,500
1779032408016,Load Users 1-67,POST /batch mixed tasks,200,313
1779032408179,Load Users 1-1,POST /batch mixed tasks,200,157
1779032408265,Load Users 1-16,GET /work random mode,200,73
1779032408291,Load Users 1-33,GET /work random mode,200,49
1779032408232,Load Users 1-34,GET /work random mode,200,109
1779032408243,Load Users 1-48,POST /batch mixed tasks,200,105
1779032408073,Load Users 1-58,POST /batch mixed tasks,200,279
1779032407410,Load Users 1-72,POST /batch mixed tasks,200,942
1779032407634,Load Users 1-7,POST /batch mixed tasks,200,724
1779032407966,Load Users 1-53,POST /batch mixed tasks,200,394
1779032408052,Load Users 1-30,POST /batch mixed tasks,200,311
1779032408119,Load Users 1-12,POST /batch mixed tasks,200,246
1779032408114,Load Users 1-60,POST /batch mixed tasks,200,255
1779032408202,Load Users 1-49,POST /batch mixed tasks,200,167
1779032408192,Load Users 1-95,GET /work random mode,200,179
1779032408359,Load Users 1-73,GET /work random mode,200,12
1779032408249,Load Users 1-47,GET /work random mode,200,125
1779032407887,Load Users 1-59,GET /work random mode,200,488
1779032408341,Load Users 1-78,GET /work random mode,200,38
1779032408247,Load Users 1-69,GET /work random mode,200,132
1779032407382,Load Users 1-61,POST /batch mixed tasks,200,998
1779032408154,Load Users 1-99,GET /work random mode,200,227
1779032408004,Load Users 1-2,POST /batch mixed tasks,200,378
1779032408196,Load Users 1-19,GET /work random mode,200,201
1779032408089,Load Users 1-25,POST /batch mixed tasks,200,312
1779032407557,Load Users 1-71,POST /batch mixed tasks,200,845
1779032407571,Load Users 1-70,GET /work random mode,200,845
1779032407439,Load Users 1-27,POST /batch mixed tasks,200,984
1779032408247,Load Users 1-80,GET /work random mode,200,177
1779032407838,Load Users 1-91,POST /batch mixed tasks,200,601
1779032408221,Load Users 1-74,POST /batch mixed tasks,200,223
1779032408032,Load Users 1-98,GET /work random mode,200,414
1779032407894,Load Users 1-96,POST /batch mixed tasks,200,554
1779032408409,Load Users 1-12,POST /batch mixed tasks,200,40
1779032407367,Load Users 1-97,GET /work random mode,200,1087
1779032407978,Load Users 1-66,POST /batch mixed tasks,200,476
1779032408011,Load Users 1-35,POST /batch mixed tasks,200,446
1779032408092,Load Users 1-37,GET /work random mode,200,366
1779032408377,Load Users 1-46,POST /batch mixed tasks,200,86
1779032407957,Load Users 1-56,POST /batch mixed tasks,200,506
1779032408441,Load Users 1-53,GET /work random mode,200,31
1779032408304,Load Users 1-84,GET /work random mode,200,169
1779032407993,Load Users 1-22,POST /batch mixed tasks,200,484
1779032408166,Load Users 1-81,GET /work random mode,200,323
1779032408190,Load Users 1-41,POST /batch mixed tasks,200,308
1779032408248,Load Users 1-20,POST /batch mixed tasks,200,265
1779032407964,Load Users 1-24,POST /batch mixed tasks,200,549
1779032408496,Load Users 1-48,GET /work random mode,200,28
1779032407611,Load Users 1-13,POST /batch mixed tasks,200,919
1779032407882,Load Users 1-88,POST /batch mixed tasks,200,649
1779032408510,Load Users 1-56,GET /work random mode,200,21
1779032408416,Load Users 1-7,POST /batch mixed tasks,200,116
1779032407918,Load Users 1-31,POST /batch mixed tasks,200,617
1779032408103,Load Users 1-77,POST /batch mixed tasks,200,440
1779032408482,Load Users 1-59,GET /work random mode,200,63
1779032408359,Load Users 1-62,GET /work random mode,200,190
1779032408246,Load Users 1-93,POST /batch mixed tasks,200,319
1779032407988,Load Users 1-17,POST /batch mixed tasks,200,583
1779032408477,Load Users 1-1,GET /work random mode,200,101
1779032408529,Load Users 1-99,GET /work random mode,200,49
1779032408386,Load Users 1-63,POST /batch mixed tasks,200,199
1779032408314,Load Users 1-10,POST /batch mixed tasks,200,280
1779032408261,Load Users 1-11,GET /work random mode,200,336
1779032408490,Load Users 1-73,POST /batch mixed tasks,200,113
1779032408468,Load Users 1-78,POST /batch mixed tasks,200,136
1779032408484,Load Users 1-96,GET /work random mode,200,120
1779032408017,Load Users 1-18,POST /batch mixed tasks,200,588
1779032407941,Load Users 1-32,GET /work random mode,200,666
1779032408074,Load Users 1-52,GET /work random mode,200,542
1779032408076,Load Users 1-29,POST /batch mixed tasks,200,557
1779032408473,Load Users 1-61,POST /batch mixed tasks,200,166
1779032408188,Load Users 1-75,GET /work random mode,200,455
1779032408268,Load Users 1-94,GET /work random mode,200,375
1779032407945,Load Users 1-92,POST /batch mixed tasks,200,700
1779032408512,Load Users 1-53,GET /work random mode,200,134
1779032408457,Load Users 1-27,POST /batch mixed tasks,200,189
1779032408105,Load Users 1-68,POST /batch mixed tasks,200,543
1779032408598,Load Users 1-93,POST /batch mixed tasks,200,52
1779032408484,Load Users 1-74,GET /work random mode,200,167
1779032408211,Load Users 1-64,GET /work random mode,200,442
1779032408509,Load Users 1-25,POST /batch mixed tasks,200,146
1779032407980,Load Users 1-54,GET /work random mode,200,678
1779032407967,Load Users 1-89,POST /batch mixed tasks,200,697
1779032408507,Load Users 1-49,GET /work random mode,200,158
1779032408314,Load Users 1-79,POST /batch mixed tasks,200,351
1779032408532,Load Users 1-19,GET /work random mode,200,137
1779032407803,Load Users 1-9,POST /batch mixed tasks,200,867
1779032408525,Load Users 1-46,POST /batch mixed tasks,200,154
1779032407853,Load Users 1-51,GET /work random mode,200,827
1779032408536,Load Users 1-12,GET /work random mode,200,152
1779032408460,Load Users 1-33,GET /work random mode,200,233
1779032408128,Load Users 1-8,POST /batch mixed tasks,200,565
1779032408651,Load Users 1-31,GET /work random mode,200,45
1779032408384,Load Users 1-42,POST /batch mixed tasks,200,313
1779032408224,Load Users 1-55,POST /batch mixed tasks,200,473
1779032408685,Load Users 1-11,GET /work random mode,200,15
1779032408590,Load Users 1-24,GET /work random mode,200,125
1779032407991,Load Users 1-5,GET /work random mode,200,734
1779032408409,Load Users 1-95,POST /batch mixed tasks,200,319
1779032407756,Load Users 1-90,POST /batch mixed tasks,200,972
1779032408555,Load Users 1-84,GET /work random mode,200,174
1779032408350,Load Users 1-76,POST /batch mixed tasks,200,381
1779032408686,Load Users 1-10,GET /work random mode,200,46
1779032408384,Load Users 1-87,POST /batch mixed tasks,200,358
1779032408727,Load Users 1-32,GET /work random mode,200,22
1779032408349,Load Users 1-14,POST /batch mixed tasks,200,407
1779032408734,Load Users 1-42,GET /work random mode,200,24
1779032408242,Load Users 1-86,POST /batch mixed tasks,200,518
1779032408284,Load Users 1-44,POST /batch mixed tasks,200,477
1779032408497,Load Users 1-91,GET /work random mode,200,266
1779032408300,Load Users 1-39,POST /batch mixed tasks,200,466
1779032408300,Load Users 1-85,GET /work random mode,200,468
1779032408608,Load Users 1-13,POST /batch mixed tasks,200,160
1779032408498,Load Users 1-66,POST /batch mixed tasks,200,285
1779032408322,Load Users 1-65,POST /batch mixed tasks,200,462
1779032408494,Load Users 1-71,POST /batch mixed tasks,200,292
1779032408699,Load Users 1-96,POST /batch mixed tasks,200,89
1779032408139,Load Users 1-57,POST /batch mixed tasks,200,650
1779032408543,Load Users 1-35,POST /batch mixed tasks,200,247
1779032408785,Load Users 1-79,GET /work random mode,200,7
1779032408232,Load Users 1-15,GET /work random mode,200,562
1779032408284,Load Users 1-28,GET /work random mode,200,516
1779032408694,Load Users 1-52,POST /batch mixed tasks,200,109
1779032408776,Load Users 1-94,GET /work random mode,200,32
1779032408191,Load Users 1-43,POST /batch mixed tasks,200,626
1779032408768,Load Users 1-95,GET /work random mode,200,52
1779032408490,Load Users 1-80,POST /batch mixed tasks,200,341
1779032408551,Load Users 1-81,POST /batch mixed tasks,200,281
1779032408812,Load Users 1-5,GET /work random mode,200,22
1779032408447,Load Users 1-82,GET /work random mode,200,388
1779032408733,Load Users 1-54,GET /work random mode,200,105
1779032408316,Load Users 1-26,POST /batch mixed tasks,200,536
1779032408590,Load Users 1-62,GET /work random mode,200,272
1779032408860,Load Users 1-39,GET /work random mode,200,10
1779032408022,Load Users 1-100,POST /batch mixed tasks,200,857
1779032408718,Load Users 1-89,GET /work random mode,200,169
1779032408876,Load Users 1-65,GET /work random mode,200,14
1779032408436,Load Users 1-36,GET /work random mode,200,455
1779032408358,Load Users 1-50,POST /batch mixed tasks,200,535
1779032408391,Load Users 1-34,GET /work random mode,200,504
1779032408849,Load Users 1-28,GET /work random mode,200,49
1779032408519,Load Users 1-2,POST /batch mixed tasks,200,379
1779032408255,Load Users 1-40,POST /batch mixed tasks,200,649
1779032408893,Load Users 1-42,GET /work random mode,200,12
1779032408797,Load Users 1-8,GET /work random mode,200,111
1779032407952,Load Users 1-6,GET /work random mode,200,956
1779032408817,Load Users 1-51,GET /work random mode,200,93
1779032408785,Load Users 1-24,POST /batch mixed tasks,200,128
1779032408451,Load Users 1-67,GET /work random mode,200,465
1779032408574,Load Users 1-22,POST /batch mixed tasks,200,349
1779032408617,Load Users 1-7,POST /batch mixed tasks,200,307
1779032408556,Load Users 1-37,GET /work random mode,200,372
1779032408760,Load Users 1-11,POST /batch mixed tasks,200,177
1779032408793,Load Users 1-86,POST /batch mixed tasks,200,147
1779032408741,Load Users 1-31,POST /batch mixed tasks,200,207
1779032408924,Load Users 1-36,GET /work random mode,200,26
1779032408853,Load Users 1-84,GET /work random mode,200,98
1779032408939,Load Users 1-80,GET /work random mode,200,14
1779032408709,Load Users 1-92,GET /work random mode,200,245
1779032408906,Load Users 1-62,GET /work random mode,200,49
1779032408683,Load Users 1-18,POST /batch mixed tasks,200,283
1779032408304,Load Users 1-4,POST /batch mixed tasks,200,667
1779032408741,Load Users 1-55,POST /batch mixed tasks,200,232
1779032408817,Load Users 1-14,POST /batch mixed tasks,200,158
1779032408873,Load Users 1-57,GET /work random mode,200,109
1779032408799,Load Users 1-13,GET /work random mode,200,185
1779032408767,Load Users 1-61,POST /batch mixed tasks,200,220
1779032408630,Load Users 1-41,GET /work random mode,200,363
1779032408967,Load Users 1-26,GET /work random mode,200,27
1779032408384,Load Users 1-72,GET /work random mode,200,616
1779032407913,Load Users 1-45,POST /batch mixed tasks,200,1091
1779032408795,Load Users 1-32,POST /batch mixed tasks,200,211
1779032408572,Load Users 1-98,GET /work random mode,200,436
1779032408551,Load Users 1-20,POST /batch mixed tasks,200,468
1779032408454,Load Users 1-58,GET /work random mode,200,567
1779032408754,Load Users 1-75,POST /batch mixed tasks,200,278
1779032408716,Load Users 1-74,GET /work random mode,200,323
1779032409032,Load Users 1-6,GET /work random mode,200,21
1779032408699,Load Users 1-17,GET /work random mode,200,355
1779032408577,Load Users 1-97,POST /batch mixed tasks,200,480
1779032408831,Load Users 1-66,GET /work random mode,200,227
1779032408689,Load Users 1-59,GET /work random mode,200,370
1779032408780,Load Users 1-29,POST /batch mixed tasks,200,281
1779032408283,Load Users 1-23,POST /batch mixed tasks,200,789
1779032408912,Load Users 1-95,POST /batch mixed tasks,200,167
1779032408999,Load Users 1-34,GET /work random mode,200,81
1779032408935,Load Users 1-71,POST /batch mixed tasks,200,147
1779032408418,Load Users 1-83,POST /batch mixed tasks,200,665
1779032408947,Load Users 1-5,GET /work random mode,200,138
1779032408666,Load Users 1-77,POST /batch mixed tasks,200,421
1779032408586,Load Users 1-48,POST /batch mixed tasks,200,502
1779032408970,Load Users 1-39,GET /work random mode,200,129
1779032408783,Load Users 1-12,GET /work random mode,200,319
1779032408685,Load Users 1-25,POST /batch mixed tasks,200,426
1779032408877,Load Users 1-15,GET /work random mode,200,235
1779032409071,Load Users 1-22,GET /work random mode,200,42
1779032409039,Load Users 1-65,GET /work random mode,200,75
1779032408608,Load Users 1-1,GET /work random mode,200,508
1779032408772,Load Users 1-27,POST /batch mixed tasks,200,346
1779032408924,Load Users 1-79,GET /work random mode,200,194
1779032408423,Load Users 1-3,POST /batch mixed tasks,200,696
1779032408631,Load Users 1-56,POST /batch mixed tasks,200,493
1779032408842,Load Users 1-76,POST /batch mixed tasks,200,285
1779032409003,Load Users 1-55,GET /work random mode,200,125
1779032408963,Load Users 1-89,POST /batch mixed tasks,200,166
1779032408952,Load Users 1-40,POST /batch mixed tasks,200,180
1779032408910,Load Users 1-81,POST /batch mixed tasks,200,223
1779032408686,Load Users 1-78,POST /batch mixed tasks,200,449
1779032409044,Load Users 1-8,POST /batch mixed tasks,200,104
1779032408808,Load Users 1-33,POST /batch mixed tasks,200,340
1779032408774,Load Users 1-64,POST /batch mixed tasks,200,380
1779032408660,Load Users 1-63,GET /work random mode,200,495
1779032408791,Load Users 1-93,POST /batch mixed tasks,200,367
1779032407906,Load Users 1-38,POST /batch mixed tasks,200,1257
1779032409119,Load Users 1-97,GET /work random mode,200,54
1779032408903,Load Users 1-91,POST /batch mixed tasks,200,272
1779032409131,Load Users 1-71,GET /work random mode,200,47
1779032408943,Load Users 1-51,GET /work random mode,200,244
1779032408977,Load Users 1-28,POST /batch mixed tasks,200,213
1779032409019,Load Users 1-24,GET /work random mode,200,171
1779032409089,Load Users 1-17,POST /batch mixed tasks,200,103
1779032408828,Load Users 1-10,GET /work random mode,200,382
1779032408873,Load Users 1-87,GET /work random mode,200,339
1779032408508,Load Users 1-60,POST /batch mixed tasks,200,706
1779032408957,Load Users 1-50,GET /work random mode,200,258
1779032408779,Load Users 1-9,POST /batch mixed tasks,200,438
1779032409166,Load Users 1-95,GET /work random mode,200,51
1779032408837,Load Users 1-44,GET /work random mode,200,385
1779032408446,Load Users 1-16,POST /batch mixed tasks,200,783
1779032409212,Load Users 1-8,GET /work random mode,200,18
1779032409134,Load Users 1-48,GET /work random mode,200,99
1779032409164,Load Users 1-56,GET /work random mode,200,76
1779032408431,Load Users 1-47,GET /work random mode,200,817
1779032409194,Load Users 1-38,GET /work random mode,200,60
1779032408676,Load Users 1-73,GET /work random mode,200,578
1779032409204,Load Users 1-5,GET /work random mode,200,54
1779032408986,Load Users 1-37,POST /batch mixed tasks,200,277
1779032409249,Load Users 1-50,GET /work random mode,200,15
1779032409246,Load Users 1-22,GET /work random mode,200,20
1779032408872,Load Users 1-52,GET /work random mode,200,399
1779032409055,Load Users 1-92,GET /work random mode,200,226
1779032409118,Load Users 1-13,POST /batch mixed tasks,200,170
1779032409086,Load Users 1-31,GET /work random mode,200,205
1779032409033,Load Users 1-42,POST /batch mixed tasks,200,260
1779032409275,Load Users 1-51,GET /work random mode,200,22
1779032408992,Load Users 1-2,POST /batch mixed tasks,200,306
1779032409223,Load Users 1-65,GET /work random mode,200,75
1779032409048,Load Users 1-32,POST /batch mixed tasks,200,250
1779032409073,Load Users 1-62,GET /work random mode,200,227
1779032409082,Load Users 1-86,POST /batch mixed tasks,200,221
1779032408916,Load Users 1-43,POST /batch mixed tasks,200,389
1779032408989,Load Users 1-84,POST /batch mixed tasks,200,320
1779032408800,Load Users 1-90,POST /batch mixed tasks,200,525
1779032409087,Load Users 1-45,GET /work random mode,200,246
1779032408466,Load Users 1-30,GET /work random mode,200,868
1779032409085,Load Users 1-4,GET /work random mode,200,250
1779032409107,Load Users 1-57,GET /work random mode,200,244
1779032408916,Load Users 1-35,GET /work random mode,200,435
1779032408474,Load Users 1-69,POST /batch mixed tasks,200,878
1779032409289,Load Users 1-97,GET /work random mode,200,69
1779032409175,Load Users 1-39,POST /batch mixed tasks,200,185
1779032408818,Load Users 1-46,GET /work random mode,200,543
1779032409018,Load Users 1-7,POST /batch mixed tasks,200,346
1779032409171,Load Users 1-83,POST /batch mixed tasks,200,195
1779032409054,Load Users 1-41,POST /batch mixed tasks,200,315
1779032409081,Load Users 1-14,POST /batch mixed tasks,200,292
1779032409319,Load Users 1-17,GET /work random mode,200,60
1779032409356,Load Users 1-86,GET /work random mode,200,24
1779032409334,Load Users 1-38,GET /work random mode,200,48
1779032409218,Load Users 1-91,POST /batch mixed tasks,200,181
1779032408702,Load Users 1-99,GET /work random mode,200,697
1779032409396,Load Users 1-92,GET /work random mode,200,6
1779032409299,Load Users 1-63,GET /work random mode,200,108
1779032409179,Load Users 1-55,POST /batch mixed tasks,200,235
1779032409127,Load Users 1-26,POST /batch mixed tasks,200,288
1779032409234,Load Users 1-77,GET /work random mode,200,185
1779032408849,Load Users 1-96,GET /work random mode,200,574
1779032409353,Load Users 1-73,POST /batch mixed tasks,200,70
1779032408977,Load Users 1-11,POST /batch mixed tasks,200,455
1779032408649,Load Users 1-88,POST /batch mixed tasks,200,791
1779032409198,Load Users 1-64,POST /batch mixed tasks,200,242
1779032408912,Load Users 1-94,POST /batch mixed tasks,200,529
1779032409254,Load Users 1-33,GET /work random mode,200,188
1779032409427,Load Users 1-30,GET /work random mode,200,21
1779032409205,Load Users 1-40,GET /work random mode,200,244
1779032409414,Load Users 1-97,GET /work random mode,200,36
1779032409364,Load Users 1-32,GET /work random mode,200,98
1779032409178,Load Users 1-75,POST /batch mixed tasks,200,287
1779032409255,Load Users 1-76,POST /batch mixed tasks,200,210
1779032409166,Load Users 1-58,POST /batch mixed tasks,200,308
1779032408916,Load Users 1-54,GET /work random mode,200,559
1779032409450,Load Users 1-45,GET /work random mode,200,26
1779032409351,Load Users 1-37,POST /batch mixed tasks,200,127
1779032409298,Load Users 1-50,GET /work random mode,200,183
1779032409463,Load Users 1-96,GET /work random mode,200,27
1779032409272,Load Users 1-10,GET /work random mode,200,222
1779032408874,Load Users 1-85,GET /work random mode,200,621
1779032408267,Load Users 1-21,POST /batch mixed tasks,200,1230
1779032409138,Load Users 1-20,GET /work random mode,200,359
1779032409084,Load Users 1-72,POST /batch mixed tasks,200,419
1779032409242,Load Users 1-79,POST /batch mixed tasks,200,268
1779032409431,Load Users 1-2,POST /batch mixed tasks,200,80
1779032408986,Load Users 1-100,POST /batch mixed tasks,200,533
1779032409495,Load Users 1-76,GET /work random mode,200,36
1779032409302,Load Users 1-28,POST /batch mixed tasks,200,231
1779032409496,Load Users 1-69,GET /work random mode,200,50
1779032409429,Load Users 1-35,GET /work random mode,200,120
1779032409356,Load Users 1-48,POST /batch mixed tasks,200,194
1779032409253,Load Users 1-71,POST /batch mixed tasks,200,300
1779032409392,Load Users 1-5,POST /batch mixed tasks,200,162
1779032409186,Load Users 1-59,POST /batch mixed tasks,200,371
1779032409338,Load Users 1-62,GET /work random mode,200,229
1779032409566,Load Users 1-100,GET /work random mode,200,5
1779032409521,Load Users 1-58,GET /work random mode,200,50
1779032409286,Load Users 1-24,GET /work random mode,200,287
1779032409414,Load Users 1-46,POST /batch mixed tasks,200,159
1779032409379,Load Users 1-31,POST /batch mixed tasks,200,194
1779032409564,Load Users 1-79,GET /work random mode,200,15
1779032408730,Load Users 1-53,POST /batch mixed tasks,200,849
1779032409418,Load Users 1-57,POST /batch mixed tasks,200,163
1779032409160,Load Users 1-74,GET /work random mode,200,421
1779032408776,Load Users 1-68,GET /work random mode,200,812
1779032409097,Load Users 1-6,GET /work random mode,200,491
1779032409362,Load Users 1-42,GET /work random mode,200,228
1779032409210,Load Users 1-15,POST /batch mixed tasks,200,384
1779032408759,Load Users 1-19,POST /batch mixed tasks,200,837
1779032409358,Load Users 1-9,GET /work random mode,200,251
1779032409487,Load Users 1-99,POST /batch mixed tasks,200,124
1779032409425,Load Users 1-65,GET /work random mode,200,198
1779032409469,Load Users 1-92,POST /batch mixed tasks,200,154
1779032409478,Load Users 1-39,POST /batch mixed tasks,200,146
1779032409611,Load Users 1-100,GET /work random mode,200,13
1779032409434,Load Users 1-86,POST /batch mixed tasks,200,194
1779032409158,Load Users 1-12,GET /work random mode,200,475
1779032409361,Load Users 1-51,POST /batch mixed tasks,200,273
1779032409311,Load Users 1-95,POST /batch mixed tasks,200,324
1779032409265,Load Users 1-8,POST /batch mixed tasks,200,372
1779032409194,Load Users 1-93,POST /batch mixed tasks,200,453
1779032409587,Load Users 1-33,POST /batch mixed tasks,200,66
1779032409226,Load Users 1-34,POST /batch mixed tasks,200,433
1779032409348,Load Users 1-87,GET /work random mode,200,311
1779032409643,Load Users 1-76,GET /work random mode,200,19
1779032409583,Load Users 1-32,GET /work random mode,200,80
1779032409254,Load Users 1-89,POST /batch mixed tasks,200,416
1779032409438,Load Users 1-91,GET /work random mode,200,233
1779032409593,Load Users 1-75,POST /batch mixed tasks,200,84
1779032408495,Load Users 1-70,POST /batch mixed tasks,200,1185
1779032409507,Load Users 1-45,GET /work random mode,200,177
1779032409657,Load Users 1-19,GET /work random mode,200,39
1779032408984,Load Users 1-80,GET /work random mode,200,714
1779032409278,Load Users 1-60,POST /batch mixed tasks,200,420
1779032409400,Load Users 1-52,POST /batch mixed tasks,200,306
1779032409511,Load Users 1-41,POST /batch mixed tasks,200,204
1779032409058,Load Users 1-36,GET /work random mode,200,657
1779032409692,Load Users 1-100,GET /work random mode,200,24
1779032409644,Load Users 1-69,GET /work random mode,200,76
1779032409589,Load Users 1-97,POST /batch mixed tasks,200,132
1779032409647,Load Users 1-68,GET /work random mode,200,74
1779032409617,Load Users 1-37,GET /work random mode,200,108
1779032409460,Load Users 1-83,POST /batch mixed tasks,200,265
1779032409539,Load Users 1-55,GET /work random mode,200,188
1779032409508,Load Users 1-63,GET /work random mode,200,225
1779032409583,Load Users 1-94,POST /batch mixed tasks,200,155
1779032409360,Load Users 1-47,POST /batch mixed tasks,200,380
1779032409697,Load Users 1-53,GET /work random mode,200,43
1779032409461,Load Users 1-17,GET /work random mode,200,286
1779032408959,Load Users 1-67,GET /work random mode,200,788
1779032409059,Load Users 1-98,GET /work random mode,200,704
1779032409688,Load Users 1-9,GET /work random mode,200,79
1779032409387,Load Users 1-56,POST /batch mixed tasks,200,387
1779032409723,Load Users 1-33,GET /work random mode,200,52
1779032409397,Load Users 1-7,POST /batch mixed tasks,200,378
1779032409698,Load Users 1-57,GET /work random mode,200,89
1779032409416,Load Users 1-84,GET /work random mode,200,372
1779032409684,Load Users 1-5,GET /work random mode,200,117
1779032409600,Load Users 1-35,POST /batch mixed tasks,200,205
1779032409801,Load Users 1-89,GET /work random mode,200,4
1779032409765,Load Users 1-95,GET /work random mode,200,62
1779032409750,Load Users 1-92,GET /work random mode,200,77
1779032409779,Load Users 1-91,GET /work random mode,200,49
1779032409242,Load Users 1-27,POST /batch mixed tasks,200,594
1779032409826,Load Users 1-41,GET /work random mode,200,11
1779032409781,Load Users 1-87,GET /work random mode,200,59
1779032409607,Load Users 1-50,GET /work random mode,200,247
1779032409240,Load Users 1-78,GET /work random mode,200,617
1779032409722,Load Users 1-65,GET /work random mode,200,144
1779032409214,Load Users 1-23,POST /batch mixed tasks,200,664
1779032409768,Load Users 1-55,POST /batch mixed tasks,200,115
1779032408803,Load Users 1-49,POST /batch mixed tasks,200,1081
1779032409419,Load Users 1-38,POST /batch mixed tasks,200,474
1779032409406,Load Users 1-13,POST /batch mixed tasks,200,488
1779032409819,Load Users 1-45,POST /batch mixed tasks,200,78
1779032409526,Load Users 1-64,GET /work random mode,200,375
1779032409036,Load Users 1-18,GET /work random mode,200,866
1779032409865,Load Users 1-36,GET /work random mode,200,41
1779032409576,Load Users 1-20,GET /work random mode,200,331
1779032409809,Load Users 1-63,GET /work random mode,200,110
1779032409419,Load Users 1-43,POST /batch mixed tasks,200,501
1779032409764,Load Users 1-69,POST /batch mixed tasks,200,165
1779032409627,Load Users 1-79,POST /batch mixed tasks,200,304
1779032409568,Load Users 1-77,POST /batch mixed tasks,200,364
1779032409194,Load Users 1-25,GET /work random mode,200,743
1779032409659,Load Users 1-86,POST /batch mixed tasks,200,284
1779032409710,Load Users 1-32,POST /batch mixed tasks,200,235
1779032409603,Load Users 1-2,POST /batch mixed tasks,200,342
1779032409840,Load Users 1-94,GET /work random mode,200,108
1779032409833,Load Users 1-37,GET /work random mode,200,116
1779032409767,Load Users 1-80,GET /work random mode,200,196
1779032409513,Load Users 1-73,POST /batch mixed tasks,200,451
1779032409184,Load Users 1-66,GET /work random mode,200,784
1779032409916,Load Users 1-56,GET /work random mode,200,53
1779032409715,Load Users 1-99,POST /batch mixed tasks,200,262
1779032409090,Load Users 1-61,POST /batch mixed tasks,200,889
1779032409926,Load Users 1-57,GET /work random mode,200,55
1779032409779,Load Users 1-12,POST /batch mixed tasks,200,202
1779032409785,Load Users 1-67,GET /work random mode,200,203
1779032409974,Load Users 1-95,GET /work random mode,200,18
1779032409670,Load Users 1-31,GET /work random mode,200,325
1779032409622,Load Users 1-54,GET /work random mode,200,376
1779032409982,Load Users 1-77,GET /work random mode,200,17
1779032409624,Load Users 1-46,POST /batch mixed tasks,200,380
1779032410003,Load Users 1-50,GET /work random mode,200,4
1779032409980,Load Users 1-20,GET /work random mode,200,29
1779032409623,Load Users 1-72,POST /batch mixed tasks,200,390
1779032409554,Load Users 1-11,POST /batch mixed tasks,200,460
1779032409787,Load Users 1-70,POST /batch mixed tasks,200,230
1779032409801,Load Users 1-17,GET /work random mode,200,219
1779032409864,Load Users 1-97,POST /batch mixed tasks,200,156
1779032409830,Load Users 1-7,POST /batch mixed tasks,200,193
1779032409595,Load Users 1-10,POST /batch mixed tasks,200,433
1779032410034,Load Users 1-32,GET /work random mode,200,5
1779032409724,Load Users 1-76,POST /batch mixed tasks,200,322
1779032409562,Load Users 1-88,POST /batch mixed tasks,200,492
1779032409515,Load Users 1-26,POST /batch mixed tasks,200,543
1779032409481,Load Users 1-14,POST /batch mixed tasks,200,586
1779032409709,Load Users 1-8,POST /batch mixed tasks,200,364
1779032409820,Load Users 1-47,POST /batch mixed tasks,200,256
1779032409672,Load Users 1-71,GET /work random mode,200,404
1779032409896,Load Users 1-98,GET /work random mode,200,185
1779032409394,Load Users 1-22,POST /batch mixed tasks,200,687
1779032409281,Load Users 1-81,GET /work random mode,200,819
1779032409801,Load Users 1-60,GET /work random mode,200,301
1779032410011,Load Users 1-99,GET /work random mode,200,92
1779032409918,Load Users 1-33,POST /batch mixed tasks,200,187
1779032409829,Load Users 1-83,GET /work random mode,200,277
1779032410040,Load Users 1-73,GET /work random mode,200,68
1779032410039,Load Users 1-45,POST /batch mixed tasks,200,75
1779032410089,Load Users 1-66,GET /work random mode,200,27
1779032410074,Load Users 1-72,GET /work random mode,200,45
1779032409801,Load Users 1-68,GET /work random mode,200,343
1779032409616,Load Users 1-74,POST /batch mixed tasks,200,529
1779032410067,Load Users 1-10,GET /work random mode,200,80
1779032409221,Load Users 1-3,GET /work random mode,200,926
1779032409607,Load Users 1-59,POST /batch mixed tasks,200,545
1779032410178,Load Users 1-98,GET /work random mode,200,6
1779032409545,Load Users 1-30,POST /batch mixed tasks,200,640
1779032409852,Load Users 1-100,GET /work random mode,200,338
1779032409708,Load Users 1-42,POST /batch mixed tasks,200,483
1779032409566,Load Users 1-85,POST /batch mixed tasks,200,629
1779032409981,Load Users 1-64,POST /batch mixed tasks,200,215
1779032410171,Load Users 1-8,GET /work random mode,200,29
1779032409923,Load Users 1-41,POST /batch mixed tasks,200,281
1779032409991,Load Users 1-23,POST /batch mixed tasks,200,216
1779032409691,Load Users 1-24,GET /work random mode,200,526
1779032409787,Load Users 1-93,POST /batch mixed tasks,200,439
1779032410025,Load Users 1-13,POST /batch mixed tasks,200,206
1779032409928,Load Users 1-35,POST /batch mixed tasks,200,303
1779032409841,Load Users 1-52,POST /batch mixed tasks,200,390
1779032409726,Load Users 1-51,POST /batch mixed tasks,200,509
1779032409974,Load Users 1-86,GET /work random mode,200,262
1779032409642,Load Users 1-48,POST /batch mixed tasks,200,594
1779032410140,Load Users 1-47,POST /batch mixed tasks,200,98
1779032410037,Load Users 1-37,POST /batch mixed tasks,200,208
1779032410169,Load Users 1-17,POST /batch mixed tasks,200,78
1779032410071,Load Users 1-7,POST /batch mixed tasks,200,178
1779032410242,Load Users 1-66,GET /work random mode,200,7
1779032410036,Load Users 1-77,GET /work random mode,200,216
1779032409853,Load Users 1-9,POST /batch mixed tasks,200,403
1779032409705,Load Users 1-6,GET /work random mode,200,561
1779032410129,Load Users 1-57,GET /work random mode,200,141
1779032410266,Load Users 1-8,GET /work random mode,200,8
1779032410183,Load Users 1-14,POST /batch mixed tasks,200,95
1779032409899,Load Users 1-91,POST /batch mixed tasks,200,380
1779032410134,Load Users 1-31,GET /work random mode,200,148
1779032410236,Load Users 1-10,GET /work random mode,200,56
1779032410227,Load Users 1-73,GET /work random mode,200,67
1779032410279,Load Users 1-41,GET /work random mode,200,19
1779032410287,Load Users 1-100,GET /work random mode,200,16
1779032410028,Load Users 1-36,POST /batch mixed tasks,200,284
1779032409533,Load Users 1-21,POST /batch mixed tasks,200,781
1779032410099,Load Users 1-67,GET /work random mode,200,224
1779032410286,Load Users 1-64,GET /work random mode,200,39
1779032410141,Load Users 1-60,POST /batch mixed tasks,200,187
1779032410040,Load Users 1-56,POST /batch mixed tasks,200,295
1779032410263,Load Users 1-59,POST /batch mixed tasks,200,87
1779032409495,Load Users 1-40,POST /batch mixed tasks,200,856
1779032409737,Load Users 1-19,GET /work random mode,200,617
1779032409122,Load Users 1-29,GET /work random mode,200,1232
1779032409950,Load Users 1-27,POST /batch mixed tasks,200,407
1779032409707,Load Users 1-39,POST /batch mixed tasks,200,650
1779032410123,Load Users 1-11,GET /work random mode,200,238
1779032409854,Load Users 1-84,GET /work random mode,200,516
1779032409897,Load Users 1-87,POST /batch mixed tasks,200,475
1779032410002,Load Users 1-65,GET /work random mode,200,384
1779032410376,Load Users 1-66,GET /work random mode,200,13
1779032410146,Load Users 1-26,GET /work random mode,200,245
1779032410048,Load Users 1-2,GET /work random mode,200,345
1779032410126,Load Users 1-76,POST /batch mixed tasks,200,273
1779032409577,Load Users 1-96,GET /work random mode,200,826
1779032409969,Load Users 1-92,POST /batch mixed tasks,200,440
1779032408979,Load Users 1-82,GET /work random mode,200,1431
1779032410187,Load Users 1-88,GET /work random mode,200,229
1779032409927,Load Users 1-5,POST /batch mixed tasks,200,489
1779032409713,Load Users 1-58,GET /work random mode,200,704
1779032410131,Load Users 1-54,POST /batch mixed tasks,200,294
1779032409161,Load Users 1-1,GET /work random mode,200,1273
1779032409964,Load Users 1-38,GET /work random mode,200,474
1779032410371,Load Users 1-14,GET /work random mode,200,71
1779032410337,Load Users 1-91,POST /batch mixed tasks,200,106
1779032410396,Load Users 1-31,GET /work random mode,200,52
1779032410110,Load Users 1-20,POST /batch mixed tasks,200,341
1779032410150,Load Users 1-50,POST /batch mixed tasks,200,311
1779032410346,Load Users 1-10,POST /batch mixed tasks,200,133
1779032409932,Load Users 1-18,POST /batch mixed tasks,200,548
1779032410369,Load Users 1-64,POST /batch mixed tasks,200,116
1779032409996,Load Users 1-69,POST /batch mixed tasks,200,496
1779032410186,Load Users 1-22,POST /batch mixed tasks,200,307
1779032410312,Load Users 1-9,GET /work random mode,200,182
1779032410147,Load Users 1-83,GET /work random mode,200,351
1779032409746,Load Users 1-34,POST /batch mixed tasks,200,753
1779032410015,Load Users 1-25,GET /work random mode,200,490
1779032410330,Load Users 1-13,GET /work random mode,200,175
1779032410195,Load Users 1-45,POST /batch mixed tasks,200,314
1779032410385,Load Users 1-77,GET /work random mode,200,130
1779032410140,Load Users 1-33,POST /batch mixed tasks,200,376
1779032410293,Load Users 1-98,POST /batch mixed tasks,200,228
1779032410303,Load Users 1-35,POST /batch mixed tasks,200,226
1779032410305,Load Users 1-47,POST /batch mixed tasks,200,231
1779032410292,Load Users 1-3,POST /batch mixed tasks,200,248
1779032410004,Load Users 1-49,POST /batch mixed tasks,200,545
1779032409972,Load Users 1-78,POST /batch mixed tasks,200,582
1779032410433,Load Users 1-19,GET /work random mode,200,136
1779032410364,Load Users 1-36,POST /batch mixed tasks,200,210
1779032410432,Load Users 1-21,POST /batch mixed tasks,200,158
1779032410168,Load Users 1-97,POST /batch mixed tasks,200,424
1779032409657,Load Users 1-28,GET /work random mode,200,936
1779032409678,Load Users 1-62,POST /batch mixed tasks,200,919
1779032410527,Load Users 1-91,GET /work random mode,200,73
1779032410600,Load Users 1-69,GET /work random mode,200,19
1779032410185,Load Users 1-74,POST /batch mixed tasks,200,438
1779032409834,Load Users 1-53,GET /work random mode,200,792
1779032410173,Load Users 1-99,POST /batch mixed tasks,200,462
1779032410401,Load Users 1-100,POST /batch mixed tasks,200,236
1779032410018,Load Users 1-94,GET /work random mode,200,619
1779032410270,Load Users 1-48,GET /work random mode,200,368
1779032410464,Load Users 1-11,POST /batch mixed tasks,200,177
1779032410600,Load Users 1-3,GET /work random mode,200,42
1779032410637,Load Users 1-13,GET /work random mode,200,15
1779032410385,Load Users 1-8,GET /work random mode,200,274
1779032410594,Load Users 1-83,GET /work random mode,200,72
1779032410233,Load Users 1-85,GET /work random mode,200,435
1779032410648,Load Users 1-34,GET /work random mode,200,25
1779032410672,Load Users 1-97,GET /work random mode,200,2
1779032410504,Load Users 1-84,POST /batch mixed tasks,200,170
1779032410493,Load Users 1-29,POST /batch mixed tasks,200,186
1779032410202,Load Users 1-72,POST /batch mixed tasks,200,480
1779032410232,Load Users 1-42,GET /work random mode,200,456
1779032410678,Load Users 1-35,GET /work random mode,200,11
1779032410539,Load Users 1-50,POST /batch mixed tasks,200,152
1779032410351,Load Users 1-17,GET /work random mode,200,347
1779032410562,Load Users 1-77,GET /work random mode,200,144
1779032410295,Load Users 1-86,POST /batch mixed tasks,200,412
1779032410609,Load Users 1-49,GET /work random mode,200,100
1779032409368,Load Users 1-44,GET /work random mode,200,1341
1779032410043,Load Users 1-43,GET /work random mode,200,670
1779032410055,Load Users 1-95,POST /batch mixed tasks,200,661
1779032410532,Load Users 1-76,GET /work random mode,200,185
1779032409996,Load Users 1-63,GET /work random mode,200,725
1779032410569,Load Users 1-45,POST /batch mixed tasks,200,153
1779032410026,Load Users 1-80,POST /batch mixed tasks,200,697
1779032410402,Load Users 1-87,POST /batch mixed tasks,200,323
1779032410460,Load Users 1-56,POST /batch mixed tasks,200,266
1779032410485,Load Users 1-88,GET /work random mode,200,242
1779032410556,Load Users 1-98,GET /work random mode,200,172
1779032410038,Load Users 1-61,GET /work random mode,200,691
1779032410417,Load Users 1-39,GET /work random mode,200,313
1779032409750,Load Users 1-75,POST /batch mixed tasks,200,980
1779032410733,Load Users 1-13,GET /work random mode,200,8
1779032410481,Load Users 1-27,POST /batch mixed tasks,200,266
1779032410733,Load Users 1-100,GET /work random mode,200,20
1779032409720,Load Users 1-15,POST /batch mixed tasks,200,1036
1779032410450,Load Users 1-40,POST /batch mixed tasks,200,307
1779032410741,Load Users 1-49,GET /work random mode,200,18
1779032410345,Load Users 1-6,POST /batch mixed tasks,200,414
1779032410751,Load Users 1-72,GET /work random mode,200,14
1779032410018,Load Users 1-12,GET /work random mode,200,749
1779032409422,Load Users 1-90,GET /work random mode,200,1346
1779032410758,Load Users 1-88,GET /work random mode,200,18
1779032410761,Load Users 1-75,GET /work random mode,200,21
1779032410455,Load Users 1-54,POST /batch mixed tasks,200,327
1779032410773,Load Users 1-39,GET /work random mode,200,14
1779032410659,Load Users 1-62,GET /work random mode,200,140
1779032409285,Load Users 1-16,GET /work random mode,200,1515
1779032410786,Load Users 1-87,GET /work random mode,200,23
1779032409961,Load Users 1-55,POST /batch mixed tasks,200,854
1779032410802,Load Users 1-83,GET /work random mode,200,16
1779032410791,Load Users 1-29,GET /work random mode,200,30
1779032410433,Load Users 1-2,GET /work random mode,200,390
1779032410394,Load Users 1-59,POST /batch mixed tasks,200,430
1779032410288,Load Users 1-23,GET /work random mode,200,543
1779032410658,Load Users 1-28,GET /work random mode,200,182
1779032410437,Load Users 1-73,POST /batch mixed tasks,200,404
1779032410812,Load Users 1-56,GET /work random mode,200,31
1779032410541,Load Users 1-82,POST /batch mixed tasks,200,302
1779032410818,Load Users 1-17,GET /work random mode,200,26
1779032410466,Load Users 1-96,POST /batch mixed tasks,200,380
1779032410672,Load Users 1-74,GET /work random mode,200,178
1779032410575,Load Users 1-14,GET /work random mode,200,276
1779032410192,Load Users 1-68,POST /batch mixed tasks,200,663
1779032410844,Load Users 1-63,GET /work random mode,200,14
1779032410496,Load Users 1-1,POST /batch mixed tasks,200,364
1779032410488,Load Users 1-66,POST /batch mixed tasks,200,386
1779032410271,Load Users 1-30,POST /batch mixed tasks,200,605
1779032410825,Load Users 1-100,GET /work random mode,200,56
1779032410562,Load Users 1-31,GET /work random mode,200,323
1779032410336,Load Users 1-7,POST /batch mixed tasks,200,557
1779032410692,Load Users 1-3,GET /work random mode,200,204
1779032410842,Load Users 1-43,GET /work random mode,200,57
1779032410076,Load Users 1-70,POST /batch mixed tasks,200,823
1779032410794,Load Users 1-86,GET /work random mode,200,108
1779032410877,Load Users 1-72,GET /work random mode,200,30
1779032409863,Load Users 1-89,GET /work random mode,200,1049
1779032410886,Load Users 1-73,GET /work random mode,200,26
1779032410307,Load Users 1-37,GET /work random mode,200,606
1779032410794,Load Users 1-97,GET /work random mode,200,122
1779032410919,Load Users 1-39,GET /work random mode,200,3
1779032410673,Load Users 1-94,GET /work random mode,200,249
1779032410353,Load Users 1-41,GET /work random mode,200,569
1779032410777,Load Users 1-98,POST /batch mixed tasks,200,147
1779032410369,Load Users 1-67,GET /work random mode,200,557
1779032410432,Load Users 1-65,GET /work random mode,200,495
1779032410751,Load Users 1-53,GET /work random mode,200,182
1779032410193,Load Users 1-71,POST /batch mixed tasks,200,753
1779032410703,Load Users 1-36,POST /batch mixed tasks,200,244
1779032410529,Load Users 1-20,POST /batch mixed tasks,200,421
1779032410836,Load Users 1-44,POST /batch mixed tasks,200,118
1779032410815,Load Users 1-80,GET /work random mode,200,139
1779032410733,Load Users 1-84,POST /batch mixed tasks,200,226
1779032410930,Load Users 1-14,GET /work random mode,200,32
1779032410852,Load Users 1-62,POST /batch mixed tasks,200,118
1779032409433,Load Users 1-4,POST /batch mixed tasks,200,1538
1779032410503,Load Users 1-92,GET /work random mode,200,473
1779032410362,Load Users 1-57,GET /work random mode,200,618
1779032410766,Load Users 1-35,GET /work random mode,200,217
1779032410876,Load Users 1-61,GET /work random mode,200,109
1779032410841,Load Users 1-15,POST /batch mixed tasks,200,145
1779032410824,Load Users 1-76,POST /batch mixed tasks,200,169
1779032410867,Load Users 1-16,POST /batch mixed tasks,200,135
1779032410747,Load Users 1-77,GET /work random mode,200,262
1779032410972,Load Users 1-31,GET /work random mode,200,40
1779032410604,Load Users 1-22,GET /work random mode,200,411
1779032410911,Load Users 1-55,GET /work random mode,200,105
1779032410893,Load Users 1-63,GET /work random mode,200,125
1779032410603,Load Users 1-25,GET /work random mode,200,416
1779032410858,Load Users 1-88,GET /work random mode,200,171
1779032410536,Load Users 1-5,GET /work random mode,200,500
1779032410423,Load Users 1-60,POST /batch mixed tasks,200,627
1779032410516,Load Users 1-18,POST /batch mixed tasks,200,536
1779032410933,Load Users 1-43,POST /batch mixed tasks,200,137
1779032410795,Load Users 1-42,POST /batch mixed tasks,200,277
1779032410798,Load Users 1-85,GET /work random mode,200,289
1779032410186,Load Users 1-81,POST /batch mixed tasks,200,904
1779032411067,Load Users 1-22,GET /work random mode,200,24
1779032410800,Load Users 1-90,POST /batch mixed tasks,200,304
1779032410065,Load Users 1-46,POST /batch mixed tasks,200,1039
1779032410828,Load Users 1-12,POST /batch mixed tasks,200,278
1779032411062,Load Users 1-41,GET /work random mode,200,44
1779032410732,Load Users 1-34,POST /batch mixed tasks,200,376
1779032410999,Load Users 1-53,GET /work random mode,200,121
1779032410612,Load Users 1-47,POST /batch mixed tasks,200,508
1779032410990,Load Users 1-98,POST /batch mixed tasks,200,130
1779032410768,Load Users 1-11,POST /batch mixed tasks,200,354
1779032410860,Load Users 1-75,POST /batch mixed tasks,200,264
1779032410847,Load Users 1-13,POST /batch mixed tasks,200,279
1779032411036,Load Users 1-72,GET /work random mode,200,90
1779032411014,Load Users 1-39,GET /work random mode,200,129
1779032410545,Load Users 1-10,POST /batch mixed tasks,200,604
1779032410651,Load Users 1-33,POST /batch mixed tasks,200,499
1779032410747,Load Users 1-69,POST /batch mixed tasks,200,405
1779032410778,Load Users 1-8,POST /batch mixed tasks,200,377
1779032411147,Load Users 1-42,GET /work random mode,200,8
1779032410945,Load Users 1-29,GET /work random mode,200,210
1779032411018,Load Users 1-44,GET /work random mode,200,144
1779032411153,Load Users 1-46,GET /work random mode,200,21
1779032411172,Load Users 1-60,GET /work random mode,200,8
1779032410328,Load Users 1-24,POST /batch mixed tasks,200,855
1779032410909,Load Users 1-2,POST /batch mixed tasks,200,274
1779032410864,Load Users 1-49,POST /batch mixed tasks,200,324
1779032411057,Load Users 1-36,GET /work random mode,200,132
1779032410948,Load Users 1-59,POST /batch mixed tasks,200,248
1779032410564,Load Users 1-64,POST /batch mixed tasks,200,633
1779032411017,Load Users 1-84,GET /work random mode,200,180
1779032411049,Load Users 1-76,GET /work random mode,200,150
1779032410912,Load Users 1-96,POST /batch mixed tasks,200,289
1779032410978,Load Users 1-94,POST /batch mixed tasks,200,235
1779032411156,Load Users 1-22,GET /work random mode,200,58
1779032410618,Load Users 1-9,GET /work random mode,200,601
1779032411004,Load Users 1-97,GET /work random mode,200,217
1779032410807,Load Users 1-45,POST /batch mixed tasks,200,424
1779032411144,Load Users 1-55,GET /work random mode,200,88
1779032411026,Load Users 1-7,GET /work random mode,200,208
1779032411132,Load Users 1-88,POST /batch mixed tasks,200,111
1779032410936,Load Users 1-68,GET /work random mode,200,313
1779032411095,Load Users 1-77,GET /work random mode,200,156
1779032411002,Load Users 1-62,GET /work random mode,200,253
1779032411191,Load Users 1-11,GET /work random mode,200,69
1779032411050,Load Users 1-31,GET /work random mode,200,223
1779032410081,Load Users 1-79,GET /work random mode,200,1195
1779032410948,Load Users 1-74,POST /batch mixed tasks,200,333
1779032410463,Load Users 1-26,GET /work random mode,200,827
1779032411018,Load Users 1-100,POST /batch mixed tasks,200,273
1779032411025,Load Users 1-67,POST /batch mixed tasks,200,269
1779032410731,Load Users 1-21,POST /batch mixed tasks,200,565
1779032410584,Load Users 1-78,GET /work random mode,200,713
1779032411118,Load Users 1-63,POST /batch mixed tasks,200,185
1779032411275,Load Users 1-7,GET /work random mode,200,32
1779032410892,Load Users 1-40,POST /batch mixed tasks,200,415
1779032411010,Load Users 1-89,POST /batch mixed tasks,200,300
1779032411218,Load Users 1-90,GET /work random mode,200,93
1779032411213,Load Users 1-44,POST /batch mixed tasks,200,105
1779032411297,Load Users 1-77,GET /work random mode,200,22
1779032410968,Load Users 1-23,POST /batch mixed tasks,200,357
1779032411066,Load Users 1-57,POST /batch mixed tasks,200,260
1779032411072,Load Users 1-92,POST /batch mixed tasks,200,262
1779032411139,Load Users 1-18,GET /work random mode,200,196
1779032410798,Load Users 1-95,POST /batch mixed tasks,200,544
1779032410358,Load Users 1-52,POST /batch mixed tasks,200,984
1779032410312,Load Users 1-93,GET /work random mode,200,1032
1779032411025,Load Users 1-37,POST /batch mixed tasks,200,321
1779032411338,Load Users 1-79,GET /work random mode,200,18
1779032411191,Load Users 1-53,GET /work random mode,200,166
1779032410955,Load Users 1-70,GET /work random mode,200,404
1779032411269,Load Users 1-94,GET /work random mode,200,94
1779032411248,Load Users 1-49,GET /work random mode,200,115
1779032410956,Load Users 1-56,GET /work random mode,200,411
1779032411253,Load Users 1-76,POST /batch mixed tasks,200,122
1779032411277,Load Users 1-60,GET /work random mode,200,102
1779032411341,Load Users 1-100,GET /work random mode,200,43
1779032411222,Load Users 1-47,GET /work random mode,200,172
1779032411332,Load Users 1-59,GET /work random mode,200,68
1779032411010,Load Users 1-86,POST /batch mixed tasks,200,391
1779032410905,Load Users 1-54,POST /batch mixed tasks,200,498
1779032410975,Load Users 1-1,POST /batch mixed tasks,200,438
1779032410699,Load Users 1-91,GET /work random mode,200,714
1779032411342,Load Users 1-64,GET /work random mode,200,71
1779032411142,Load Users 1-81,POST /batch mixed tasks,200,272
1779032410723,Load Users 1-99,GET /work random mode,200,692
1779032410837,Load Users 1-50,POST /batch mixed tasks,200,580
1779032411391,Load Users 1-37,GET /work random mode,200,28
1779032410971,Load Users 1-82,POST /batch mixed tasks,200,450
1779032411217,Load Users 1-72,POST /batch mixed tasks,200,208
1779032411268,Load Users 1-22,POST /batch mixed tasks,200,162
1779032411045,Load Users 1-4,POST /batch mixed tasks,200,389
1779032411289,Load Users 1-39,POST /batch mixed tasks,200,150
1779032411389,Load Users 1-18,GET /work random mode,200,54
1779032411096,Load Users 1-35,POST /batch mixed tasks,200,350
1779032411035,Load Users 1-15,POST /batch mixed tasks,200,420
1779032411349,Load Users 1-9,POST /batch mixed tasks,200,112
1779032411362,Load Users 1-11,GET /work random mode,200,99
1779032410960,Load Users 1-66,POST /batch mixed tasks,200,504
1779032411228,Load Users 1-42,POST /batch mixed tasks,200,241
1779032411078,Load Users 1-61,POST /batch mixed tasks,200,397
1779032411342,Load Users 1-7,GET /work random mode,200,134
1779032411274,Load Users 1-55,POST /batch mixed tasks,200,211
1779032410929,Load Users 1-28,GET /work random mode,200,567
1779032411004,Load Users 1-80,POST /batch mixed tasks,200,497
1779032411241,Load Users 1-36,POST /batch mixed tasks,200,280
1779032411445,Load Users 1-76,POST /batch mixed tasks,200,76
1779032410534,Load Users 1-58,GET /work random mode,200,988
1779032411275,Load Users 1-8,GET /work random mode,200,248
1779032411180,Load Users 1-75,POST /batch mixed tasks,200,344
1779032411272,Load Users 1-13,GET /work random mode,200,263
1779032410845,Load Users 1-6,GET /work random mode,200,690
1779032411068,Load Users 1-20,GET /work random mode,200,469
1779032410991,Load Users 1-73,POST /batch mixed tasks,200,550
1779032411515,Load Users 1-4,GET /work random mode,200,27
1779032411266,Load Users 1-45,GET /work random mode,200,278
1779032411279,Load Users 1-10,GET /work random mode,200,266
1779032411453,Load Users 1-54,GET /work random mode,200,103
1779032410980,Load Users 1-65,GET /work random mode,200,585
1779032410671,Load Users 1-48,POST /batch mixed tasks,200,895
1779032411201,Load Users 1-33,POST /batch mixed tasks,200,369
1779032411438,Load Users 1-79,GET /work random mode,200,136
1779032411497,Load Users 1-39,GET /work random mode,200,83
1779032410832,Load Users 1-27,GET /work random mode,200,753
1779032411426,Load Users 1-74,POST /batch mixed tasks,200,186
1779032410874,Load Users 1-83,GET /work random mode,200,739
1779032411242,Load Users 1-12,GET /work random mode,200,372
1779032411466,Load Users 1-72,GET /work random mode,200,150
1779032411480,Load Users 1-82,GET /work random mode,200,142
1779032411381,Load Users 1-77,POST /batch mixed tasks,200,244
1779032411444,Load Users 1-86,POST /batch mixed tasks,200,182
1779032411303,Load Users 1-2,POST /batch mixed tasks,200,330
1779032411293,Load Users 1-84,POST /batch mixed tasks,200,346
1779032410986,Load Users 1-3,GET /work random mode,200,656
1779032411303,Load Users 1-29,GET /work random mode,200,341
1779032411566,Load Users 1-11,GET /work random mode,200,84
1779032411229,Load Users 1-69,POST /batch mixed tasks,200,425
1779032411436,Load Users 1-40,GET /work random mode,200,219
1779032411438,Load Users 1-78,POST /batch mixed tasks,200,218
1779032411402,Load Users 1-67,GET /work random mode,200,254
1779032411256,Load Users 1-24,POST /batch mixed tasks,200,400
1779032411223,Load Users 1-46,POST /batch mixed tasks,200,441
1779032411660,Load Users 1-79,GET /work random mode,200,5
1779032411510,Load Users 1-50,POST /batch mixed tasks,200,165
1779032411352,Load Users 1-31,POST /batch mixed tasks,200,324
1779032410952,Load Users 1-30,GET /work random mode,200,731
1779032411510,Load Users 1-61,GET /work random mode,200,180
1779032411474,Load Users 1-22,GET /work random mode,200,221
1779032410167,Load Users 1-32,GET /work random mode,200,1530
1779032411236,Load Users 1-98,GET /work random mode,200,468
1779032411254,Load Users 1-96,POST /batch mixed tasks,200,454
1779032410563,Load Users 1-38,GET /work random mode,200,1145
1779032410892,Load Users 1-17,POST /batch mixed tasks,200,819
1779032411187,Load Users 1-41,GET /work random mode,200,532
1779032411421,Load Users 1-90,POST /batch mixed tasks,200,305
1779032411678,Load Users 1-29,GET /work random mode,200,48
1779032411714,Load Users 1-39,GET /work random mode,200,14
1779032411099,Load Users 1-16,POST /batch mixed tasks,200,629
1779032411448,Load Users 1-23,POST /batch mixed tasks,200,283
1779032411490,Load Users 1-60,GET /work random mode,200,242
1779032411122,Load Users 1-43,POST /batch mixed tasks,200,614
1779032411173,Load Users 1-85,POST /batch mixed tasks,200,569
1779032410698,Load Users 1-19,POST /batch mixed tasks,200,1045
1779032411538,Load Users 1-91,GET /work random mode,200,207
1779032411746,Load Users 1-24,GET /work random mode,200,6
1779032411607,Load Users 1-75,GET /work random mode,200,145
1779032411563,Load Users 1-8,GET /work random mode,200,192
1779032411718,Load Users 1-12,GET /work random mode,200,43
1779032411106,Load Users 1-25,POST /batch mixed tasks,200,656
1779032411353,Load Users 1-89,POST /batch mixed tasks,200,410
1779032411504,Load Users 1-18,GET /work random mode,200,260
1779032411605,Load Users 1-58,GET /work random mode,200,163
1779032411660,Load Users 1-36,POST /batch mixed tasks,200,109
1779032411727,Load Users 1-72,GET /work random mode,200,43
1779032411741,Load Users 1-30,GET /work random mode,200,31
1779032411468,Load Users 1-1,POST /batch mixed tasks,200,306
1779032410920,Load Users 1-87,GET /work random mode,200,857
1779032411425,Load Users 1-26,GET /work random mode,200,359
1779032410343,Load Users 1-51,POST /batch mixed tasks,200,1443
1779032411447,Load Users 1-57,POST /batch mixed tasks,200,340
1779032411423,Load Users 1-95,POST /batch mixed tasks,200,364
1779032411505,Load Users 1-53,GET /work random mode,200,292
1779032411753,Load Users 1-67,GET /work random mode,200,45
1779032411702,Load Users 1-40,GET /work random mode,200,97
1779032411514,Load Users 1-81,GET /work random mode,200,285
1779032411466,Load Users 1-44,POST /batch mixed tasks,200,333
1779032411719,Load Users 1-2,GET /work random mode,200,83
1779032411787,Load Users 1-98,GET /work random mode,200,16
1779032411395,Load Users 1-21,POST /batch mixed tasks,200,409
1779032411462,Load Users 1-93,POST /batch mixed tasks,200,344
1779032411547,Load Users 1-37,GET /work random mode,200,260
1779032411798,Load Users 1-75,GET /work random mode,200,18
1779032411709,Load Users 1-74,POST /batch mixed tasks,200,110
1779032411446,Load Users 1-52,POST /batch mixed tasks,200,377
1779032411810,Load Users 1-39,GET /work random mode,200,14
1779032411798,Load Users 1-89,GET /work random mode,200,33
1779032411663,Load Users 1-48,POST /batch mixed tasks,200,175
1779032411735,Load Users 1-22,GET /work random mode,200,105
1779032411523,Load Users 1-55,GET /work random mode,200,320
1779032411740,Load Users 1-86,POST /batch mixed tasks,200,106
1779032411597,Load Users 1-54,POST /batch mixed tasks,200,253
1779032411595,Load Users 1-73,POST /batch mixed tasks,200,261
1779032411785,Load Users 1-3,GET /work random mode,200,72
1779032411543,Load Users 1-59,GET /work random mode,200,315
1779032411697,Load Users 1-84,GET /work random mode,200,162
1779032411690,Load Users 1-78,GET /work random mode,200,174
1779032411465,Load Users 1-100,GET /work random mode,200,401
1779032411847,Load Users 1-18,GET /work random mode,200,21
1779032411401,Load Users 1-63,POST /batch mixed tasks,200,477
1779032411852,Load Users 1-85,GET /work random mode,200,29
1779032411676,Load Users 1-83,POST /batch mixed tasks,200,206
1779032411670,Load Users 1-6,GET /work random mode,200,212
1779032411827,Load Users 1-8,GET /work random mode,200,66
1779032411585,Load Users 1-66,POST /batch mixed tasks,200,310
1779032411481,Load Users 1-49,POST /batch mixed tasks,200,415
1779032411600,Load Users 1-28,POST /batch mixed tasks,200,298
1779032411883,Load Users 1-30,GET /work random mode,200,20
1779032411861,Load Users 1-87,GET /work random mode,200,44
1779032411472,Load Users 1-92,GET /work random mode,200,440
1779032411895,Load Users 1-81,GET /work random mode,200,20
1779032411706,Load Users 1-27,POST /batch mixed tasks,200,215
1779032411854,Load Users 1-43,GET /work random mode,200,69
1779032411382,Load Users 1-68,POST /batch mixed tasks,200,544
1779032411702,Load Users 1-79,POST /batch mixed tasks,200,226
1779032411848,Load Users 1-16,POST /batch mixed tasks,200,88
1779032411540,Load Users 1-35,POST /batch mixed tasks,200,396
1779032411837,Load Users 1-23,GET /work random mode,200,101
1779032411430,Load Users 1-70,GET /work random mode,200,509
1779032411191,Load Users 1-34,GET /work random mode,200,751
1779032411602,Load Users 1-4,GET /work random mode,200,344
1779032411156,Load Users 1-5,GET /work random mode,200,794
1779032411561,Load Users 1-76,POST /batch mixed tasks,200,400
1779032411773,Load Users 1-50,GET /work random mode,200,195
1779032411796,Load Users 1-96,GET /work random mode,200,193
1779032411803,Load Users 1-32,POST /batch mixed tasks,200,189
1779032411601,Load Users 1-20,POST /batch mixed tasks,200,391
1779032411919,Load Users 1-26,GET /work random mode,200,81
1779032411961,Load Users 1-28,GET /work random mode,200,39
1779032411775,Load Users 1-29,POST /batch mixed tasks,200,229
1779032411768,Load Users 1-46,GET /work random mode,200,242
1779032411316,Load Users 1-62,GET /work random mode,200,695
1779032411830,Load Users 1-19,POST /batch mixed tasks,200,185
1779032411526,Load Users 1-47,POST /batch mixed tasks,200,498
1779032411443,Load Users 1-64,POST /batch mixed tasks,200,595
1779032411676,Load Users 1-10,GET /work random mode,200,368
1779032411319,Load Users 1-88,POST /batch mixed tasks,200,725
1779032411943,Load Users 1-89,POST /batch mixed tasks,200,120
1779032411852,Load Users 1-58,GET /work random mode,200,217
1779032411632,Load Users 1-65,POST /batch mixed tasks,200,437
1779032411934,Load Users 1-30,GET /work random mode,200,140
1779032411893,Load Users 1-53,GET /work random mode,200,183
1779032411968,Load Users 1-27,GET /work random mode,200,113
1779032411945,Load Users 1-2,GET /work random mode,200,142
1779032411603,Load Users 1-13,POST /batch mixed tasks,200,488
1779032411956,Load Users 1-8,GET /work random mode,200,137
1779032411872,Load Users 1-90,GET /work random mode,200,228
1779032411799,Load Users 1-17,POST /batch mixed tasks,200,302
1779032411907,Load Users 1-59,POST /batch mixed tasks,200,204
1779032411518,Load Users 1-9,POST /batch mixed tasks,200,593
1779032411538,Load Users 1-99,POST /batch mixed tasks,200,579
1779032411942,Load Users 1-98,POST /batch mixed tasks,200,176
1779032411254,Load Users 1-97,POST /batch mixed tasks,200,865
1779032411802,Load Users 1-72,POST /batch mixed tasks,200,321
1779032411845,Load Users 1-1,GET /work random mode,200,282
1779032411953,Load Users 1-74,GET /work random mode,200,176
1779032411875,Load Users 1-21,GET /work random mode,200,258
1779032411930,Load Users 1-86,POST /batch mixed tasks,200,206
1779032411957,Load Users 1-68,POST /batch mixed tasks,200,182
1779032411724,Load Users 1-69,GET /work random mode,200,418
1779032411430,Load Users 1-94,POST /batch mixed tasks,200,715
1779032411896,Load Users 1-78,GET /work random mode,200,252
1779032411668,Load Users 1-33,POST /batch mixed tasks,200,480
1779032411897,Load Users 1-37,POST /batch mixed tasks,200,262
1779032411963,Load Users 1-54,POST /batch mixed tasks,200,199
1779032411614,Load Users 1-7,POST /batch mixed tasks,200,549
1779032411801,Load Users 1-31,GET /work random mode,200,365
1779032411896,Load Users 1-25,POST /batch mixed tasks,200,274
1779032411748,Load Users 1-82,POST /batch mixed tasks,200,424
1779032411751,Load Users 1-38,POST /batch mixed tasks,200,423
1779032411863,Load Users 1-44,GET /work random mode,200,311
1779032411765,Load Users 1-11,POST /batch mixed tasks,200,412
1779032411463,Load Users 1-56,GET /work random mode,200,720
1779032411086,Load Users 1-14,POST /batch mixed tasks,200,1101
1779032411946,Load Users 1-81,POST /batch mixed tasks,200,244
1779032411938,Load Users 1-93,POST /batch mixed tasks,200,254
1779032411896,Load Users 1-48,POST /batch mixed tasks,200,305
1779032411799,Load Users 1-61,POST /batch mixed tasks,200,407
1779032411940,Load Users 1-67,GET /work random mode,200,273
1779032411933,Load Users 1-55,POST /batch mixed tasks,200,282
1779032411590,Load Users 1-80,POST /batch mixed tasks,200,630
1779032411829,Load Users 1-57,POST /batch mixed tasks,200,400
1779032411664,Load Users 1-45,GET /work random mode,200,569
1779032411564,Load Users 1-42,POST /batch mixed tasks,200,680
1779032411809,Load Users 1-60,POST /batch mixed tasks,200,439
1779032411898,Load Users 1-95,GET /work random mode,200,354
1779032411920,Load Users 1-40,POST /batch mixed tasks,200,333
1779032411954,Load Users 1-84,GET /work random mode,200,306
1779032411929,Load Users 1-52,GET /work random mode,200,333
1779032411801,Load Users 1-24,GET /work random mode,200,463
1779032411690,Load Users 1-77,POST /batch mixed tasks,200,580
1779032411823,Load Users 1-91,GET /work random mode,200,452
1779032411965,Load Users 1-3,POST /batch mixed tasks,200,325
1779032411804,Load Users 1-12,POST /batch mixed tasks,200,492
1779032411960,Load Users 1-75,POST /batch mixed tasks,200,338
1779032410991,Load Users 1-71,GET /work random mode,200,1308
1779032411885,Load Users 1-36,POST /batch mixed tasks,200,453
1779032411574,Load Users 1-15,POST /batch mixed tasks,200,765
1779032411978,Load Users 1-66,GET /work random mode,200,376
1779032411910,Load Users 1-51,POST /batch mixed tasks,200,447
1779032411941,Load Users 1-6,POST /batch mixed tasks,200,454
1779032411964,Load Users 1-39,POST /batch mixed tasks,200,478
1779032411829,Load Users 1-41,GET /work random mode,200,661
